0.000000e+00 0.000000e+00 6.000000e-03 5.000000e+02 -0.000000e+00 0.000000e+00
3.906250e-04 0.000000e+00 6.000000e-03 5.000000e+02 -0.000000e+00 0.000000e+00
7.812500e-04 0.000000e+00 6.000000e-03 5.000000e+02 -0.000000e+00 0.000000e+00
1.171875e-03 0.000000e+00 6.000000e-03 5.000000e+02 -0.000000e+00 0.000000e+00
1.562500e-03 0.000000e+00 6.000000e-03 5.000000e+02 -0.000000e+00 0.000000e+00
1.953125e-03 0.000000e+00 6.000000e-03 5.000000e+02 -0.000000e+00 0.000000e+00
2.343750e-03 0.000000e+00 6.000000e-03 5.000000e+02 -0.000000e+00 0.000000e+00
2.734375e-03 0.000000e+00 6.000000e-03 5.000000e+02 -0.000000e+00 0.000000e+00
3.125000e-03 0.000000e+00 6.000000e-03 5.000000e+02 -0.000000e+00 0.000000e+00
3.515625e-03 0.000000e+00 6.000000e-03 5.000000e+02 -0.000000e+00 0.000000e+00
3.906250e-03 0.000000e+00 6.000000e-03 5.000000e+02 -0.000000e+00 0.000000e+00
4.296875e-03 0.000000e+00 6.000000e-03 5.000000e+02 -0.000000e+00 0.000000e+00
4.687500e-03 0.000000e+00 6.000000e-03 5.000000e+02 -0.000000e+00 0.000000e+00
5.078125e-03 0.000000e+00 6.000000e-03 5.000000e+02 -0.000000e+00 0.000000e+00
5.468750e-03 0.000000e+00 6.000000e-03 5.000000e+02 -0.000000e+00 0.000000e+00
5.859375e-03 0.000000e+00 6.000000e-03 5.000000e+02 -0.000000e+00 0.000000e+00
6.250000e-03 0.000000e+00 6.000000e-03 5.000000e+02 -0.000000e+00 0.000000e+00
6.640625e-03 0.000000e+00 6.000000e-03 5.000000e+02 -0.000000e+00 0.000000e+00
7.031250e-03 0.000000e+00 6.000000e-03 5.000000e+02 -0.000000e+00 0.000000e+00
7.421875e-03 0.000000e+00 6.000000e-03 5.000000e+02 -0.000000e+00 0.000000e+00
7.812500e-03 0.000000e+00 6.000000e-03 5.000000e+02 -0.000000e+00 0.000000e+00
8.203125e-03 0.000000e+00 6.000000e-03 5.000000e+02 -0.000000e+00 0.000000e+00
8.593750e-03 0.000000e+00 6.000000e-03 5.000000e+02 -0.000000e+00 0.000000e+00
8.984375e-03 0.000000e+00 6.000000e-03 5.000000e+02 -0.000000e+00 0.000000e+00
9.375000e-03 0.000000e+00 6.000000e-03 5.000000e+02 -0.000000e+00 0.000000e+00
9.765625e-03 0.000000e+00 6.000000e-03 5.000000e+02 -0.000000e+00 0.000000e+00
1.015625e-02 0.000000e+00 6.000000e-03 5.000000e+02 -0.000000e+00 0.000000e+00
1.054688e-02 0.000000e+00 6.000000e-03 5.000000e+02 -0.000000e+00 0.000000e+00
1.093750e-02 0.000000e+00 6.000000e-03 5.000000e+02 -0.000000e+00 0.000000e+00
1.132813e-02 0.000000e+00 6.000000e-03 5.000000e+02 -0.000000e+00 0.000000e+00
1.171875e-02 0.000000e+00 6.000000e-03 5.000000e+02 -0.000000e+00 0.000000e+00
1.210938e-02 0.000000e+00 6.000000e-03 5.000000e+02 -0.000000e+00 0.000000e+00
1.250000e-02 0.000000e+00 6.000000e-03 5.000000e+02 -0.000000e+00 0.000000e+00
1.289063e-02 0.000000e+00 6.000000e-03 5.000000e+02 -0.000000e+00 0.000000e+00
1.328125e-02 0.000000e+00 6.000000e-03 5.000000e+02 -0.000000e+00 0.000000e+00
1.367188e-02 0.000000e+00 6.000000e-03 5.000000e+02 -0.000000e+00 0.000000e+00
1.406250e-02 0.000000e+00 6.000000e-03 5.000000e+02 -0.000000e+00 0.000000e+00
1.445313e-02 0.000000e+00 6.000000e-03 5.000000e+02 -0.000000e+00 0.000000e+00
1.484375e-02 0.000000e+00 6.000000e-03 5.000000e+02 -0.000000e+00 0.000000e+00
1.523438e-02 0.000000e+00 6.000000e-03 5.000000e+02 -0.000000e+00 0.000000e+00
1.562500e-02 0.000000e+00 6.000000e-03 5.000000e+02 -0.000000e+00 0.000000e+00
1.601563e-02 0.000000e+00 6.000000e-03 5.000000e+02 -0.000000e+00 0.000000e+00
1.640625e-02 0.000000e+00 6.000000e-03 5.000000e+02 -0.000000e+00 0.000000e+00
1.679687e-02 0.000000e+00 6.000000e-03 5.000000e+02 -0.000000e+00 0.000000e+00
1.718750e-02 0.000000e+00 6.000000e-03 5.000000e+02 -0.000000e+00 0.000000e+00
1.757812e-02 0.000000e+00 6.000000e-03 5.000000e+02 -0.000000e+00 0.000000e+00
1.796875e-02 0.000000e+00 6.000000e-03 5.000000e+02 -0.000000e+00 0.000000e+00
1.835938e-02 0.000000e+00 6.000000e-03 5.000000e+02 -0.000000e+00 0.000000e+00
1.875000e-02 0.000000e+00 6.000000e-03 5.000000e+02 -0.000000e+00 0.000000e+00
1.914063e-02 0.000000e+00 6.000000e-03 5.000000e+02 -0.000000e+00 0.000000e+00
1.953125e-02 0.000000e+00 6.000000e-03 5.000000e+02 -0.000000e+00 0.000000e+00
1.992188e-02 0.000000e+00 6.000000e-03 5.000000e+02 -0.000000e+00 0.000000e+00
2.031250e-02 0.000000e+00 6.000000e-03 5.000000e+02 -0.000000e+00 0.000000e+00
2.070313e-02 0.000000e+00 6.000000e-03 5.000000e+02 -0.000000e+00 0.000000e+00
2.109375e-02 0.000000e+00 6.000000e-03 5.000000e+02 -0.000000e+00 0.000000e+00
2.148438e-02 0.000000e+00 6.000000e-03 5.000000e+02 -0.000000e+00 0.000000e+00
2.187500e-02 0.000000e+00 6.000000e-03 5.000000e+02 -0.000000e+00 0.000000e+00
2.226563e-02 0.000000e+00 6.000000e-03 5.000000e+02 -0.000000e+00 0.000000e+00
2.265625e-02 0.000000e+00 6.000000e-03 5.000000e+02 -0.000000e+00 0.000000e+00
2.304688e-02 0.000000e+00 6.000000e-03 5.000000e+02 -0.000000e+00 0.000000e+00
2.343750e-02 0.000000e+00 6.000000e-03 5.000000e+02 -0.000000e+00 0.000000e+00
2.382813e-02 0.000000e+00 6.000000e-03 5.000000e+02 -0.000000e+00 0.000000e+00
2.421875e-02 0.000000e+00 6.000000e-03 5.000000e+02 -0.000000e+00 0.000000e+00
2.460938e-02 0.000000e+00 6.000000e-03 5.000000e+02 -0.000000e+00 0.000000e+00
2.500000e-02 0.000000e+00 6.000000e-03 5.000000e+02 -0.000000e+00 0.000000e+00
2.539062e-02 0.000000e+00 6.000000e-03 5.000000e+02 -0.000000e+00 0.000000e+00
2.578125e-02 0.000000e+00 6.000000e-03 5.000000e+02 -0.000000e+00 0.000000e+00
2.617188e-02 0.000000e+00 6.000000e-03 5.000000e+02 -0.000000e+00 0.000000e+00
2.656250e-02 0.000000e+00 6.000000e-03 5.000000e+02 -0.000000e+00 0.000000e+00
2.695313e-02 0.000000e+00 6.000000e-03 5.000000e+02 -0.000000e+00 0.000000e+00
2.734375e-02 0.000000e+00 6.000000e-03 5.000000e+02 -0.000000e+00 0.000000e+00
2.773438e-02 0.000000e+00 6.000000e-03 5.000000e+02 -0.000000e+00 0.000000e+00
2.812500e-02 0.000000e+00 6.000000e-03 5.000000e+02 -0.000000e+00 0.000000e+00
2.851563e-02 0.000000e+00 6.000000e-03 5.000000e+02 -0.000000e+00 0.000000e+00
2.890625e-02 0.000000e+00 6.000000e-03 5.000000e+02 -0.000000e+00 0.000000e+00
2.929688e-02 0.000000e+00 6.000000e-03 5.000000e+02 -0.000000e+00 0.000000e+00
2.968750e-02 0.000000e+00 6.000000e-03 5.000000e+02 -0.000000e+00 0.000000e+00
3.007813e-02 0.000000e+00 6.000000e-03 5.000000e+02 -0.000000e+00 0.000000e+00
3.046875e-02 0.000000e+00 6.000000e-03 5.000000e+02 -0.000000e+00 0.000000e+00
3.085938e-02 0.000000e+00 6.000000e-03 5.000000e+02 -0.000000e+00 0.000000e+00
3.125000e-02 0.000000e+00 6.000000e-03 5.000000e+02 -0.000000e+00 0.000000e+00
3.164062e-02 0.000000e+00 6.000000e-03 5.000000e+02 -0.000000e+00 0.000000e+00
3.203125e-02 0.000000e+00 6.000000e-03 5.000000e+02 -0.000000e+00 0.000000e+00
3.242188e-02 0.000000e+00 6.000000e-03 5.000000e+02 -0.000000e+00 0.000000e+00
3.281250e-02 0.000000e+00 6.000000e-03 5.000000e+02 -0.000000e+00 0.000000e+00
3.320312e-02 0.000000e+00 6.000000e-03 5.000000e+02 -0.000000e+00 0.000000e+00
3.359375e-02 0.000000e+00 6.000000e-03 5.000000e+02 -0.000000e+00 0.000000e+00
3.398438e-02 0.000000e+00 6.000000e-03 5.000000e+02 -0.000000e+00 0.000000e+00
3.437500e-02 0.000000e+00 6.000000e-03 5.000000e+02 -0.000000e+00 0.000000e+00
3.476563e-02 0.000000e+00 6.000000e-03 5.000000e+02 -0.000000e+00 0.000000e+00
3.515625e-02 0.000000e+00 6.000000e-03 5.000000e+02 -0.000000e+00 0.000000e+00
3.554687e-02 0.000000e+00 6.000000e-03 5.000000e+02 -0.000000e+00 0.000000e+00
3.593750e-02 0.000000e+00 6.000000e-03 5.000000e+02 -0.000000e+00 0.000000e+00
3.632813e-02 0.000000e+00 6.000000e-03 5.000000e+02 -0.000000e+00 0.000000e+00
3.671875e-02 0.000000e+00 6.000000e-03 5.000000e+02 -0.000000e+00 0.000000e+00
3.710938e-02 0.000000e+00 6.000000e-03 5.000000e+02 -0.000000e+00 0.000000e+00
3.750000e-02 0.000000e+00 6.000000e-03 5.000000e+02 -0.000000e+00 0.000000e+00
3.789063e-02 0.000000e+00 6.000000e-03 5.000000e+02 -0.000000e+00 0.000000e+00
3.828125e-02 0.000000e+00 6.000000e-03 5.000000e+02 -0.000000e+00 0.000000e+00
3.867188e-02 0.000000e+00 6.000000e-03 5.000000e+02 -0.000000e+00 0.000000e+00
3.906250e-02 0.000000e+00 6.000000e-03 5.000000e+02 -0.000000e+00 0.000000e+00
3.945313e-02 0.000000e+00 6.000000e-03 5.000000e+02 -0.000000e+00 0.000000e+00
3.984375e-02 0.000000e+00 6.000000e-03 5.000000e+02 -0.000000e+00 0.000000e+00
4.023438e-02 0.000000e+00 6.000000e-03 5.000000e+02 -0.000000e+00 0.000000e+00
4.062500e-02 0.000000e+00 6.000000e-03 5.000000e+02 -0.000000e+00 0.000000e+00
4.101562e-02 0.000000e+00 6.000000e-03 5.000000e+02 -0.000000e+00 0.000000e+00
4.140625e-02 0.000000e+00 6.000000e-03 5.000000e+02 -0.000000e+00 0.000000e+00
4.179688e-02 0.000000e+00 6.000000e-03 5.000000e+02 -0.000000e+00 0.000000e+00
4.218750e-02 0.000000e+00 6.000000e-03 5.000000e+02 -0.000000e+00 0.000000e+00
4.257813e-02 0.000000e+00 6.000000e-03 5.000000e+02 -0.000000e+00 0.000000e+00
4.296875e-02 0.000000e+00 6.000000e-03 5.000000e+02 -0.000000e+00 0.000000e+00
4.335938e-02 0.000000e+00 6.000000e-03 5.000000e+02 -0.000000e+00 0.000000e+00
4.375000e-02 0.000000e+00 6.000000e-03 5.000000e+02 -0.000000e+00 0.000000e+00
4.414063e-02 0.000000e+00 6.000000e-03 5.000000e+02 -0.000000e+00 0.000000e+00
4.453125e-02 0.000000e+00 6.000000e-03 5.000000e+02 -0.000000e+00 0.000000e+00
4.492188e-02 0.000000e+00 6.000000e-03 5.000000e+02 -0.000000e+00 0.000000e+00
4.531250e-02 0.000000e+00 6.000000e-03 5.000000e+02 -0.000000e+00 0.000000e+00
4.570313e-02 0.000000e+00 6.000000e-03 5.000000e+02 -0.000000e+00 0.000000e+00
4.609375e-02 0.000000e+00 6.000000e-03 5.000000e+02 -0.000000e+00 0.000000e+00
4.648438e-02 0.000000e+00 6.000000e-03 5.000000e+02 -0.000000e+00 0.000000e+00
4.687500e-02 0.000000e+00 6.000000e-03 5.000000e+02 -0.000000e+00 0.000000e+00
4.726563e-02 0.000000e+00 6.000000e-03 5.000000e+02 -0.000000e+00 0.000000e+00
4.765625e-02 0.000000e+00 6.000000e-03 5.000000e+02 -0.000000e+00 0.000000e+00
4.804688e-02 0.000000e+00 6.000000e-03 5.000000e+02 -0.000000e+00 0.000000e+00
4.843750e-02 0.000000e+00 6.000000e-03 5.000000e+02 -0.000000e+00 0.000000e+00
4.882812e-02 0.000000e+00 6.000000e-03 5.000000e+02 -0.000000e+00 0.000000e+00
4.921875e-02 0.000000e+00 6.000000e-03 5.000000e+02 -0.000000e+00 0.000000e+00
4.960938e-02 0.000000e+00 5.657376e-01 5.000000e+02 -0.000000e+00 0.000000e+00
5.000000e-02 1.761764e-09 1.000000e+00 1.000000e+00 -0.000000e+00 0.000000e+00
5.039063e-02 5.269458e-06 1.000000e+00 1.000000e+00 -0.000000e+00 0.000000e+00
5.078125e-02 1.053709e-05 1.000000e+00 1.000000e+00 -0.000000e+00 0.000000e+00
5.117188e-02 1.580465e-05 1.000000e+00 1.000000e+00 -0.000000e+00 0.000000e+00
5.156250e-02 2.107208e-05 1.000000e+00 1.000000e+00 -0.000000e+00 0.000000e+00
5.195313e-02 2.633939e-05 1.000000e+00 1.000000e+00 -0.000000e+00 0.000000e+00
5.234375e-02 3.160652e-05 1.000000e+00 1.000000e+00 -0.000000e+00 0.000000e+00
5.273438e-02 3.687348e-05 1.000000e+00 1.000000e+00 -0.000000e+00 0.000000e+00
5.312500e-02 4.214022e-05 1.000000e+00 1.000000e+00 -0.000000e+00 0.000000e+00
5.351563e-02 4.740674e-05 1.000000e+00 1.000000e+00 -0.000000e+00 0.000000e+00
5.390625e-02 5.267300e-05 1.000000e+00 1.000000e+00 -0.000000e+00 0.000000e+00
5.429688e-02 5.793898e-05 1.000000e+00 1.000000e+00 -0.000000e+00 0.000000e+00
5.468750e-02 6.320467e-05 1.000000e+00 1.000000e+00 -0.000000e+00 0.000000e+00
5.507813e-02 6.847005e-05 1.000000e+00 1.000000e+00 -0.000000e+00 0.000000e+00
5.546875e-02 7.373508e-05 1.000000e+00 1.000000e+00 -0.000000e+00 0.000000e+00
5.585938e-02 7.899975e-05 1.000000e+00 1.000000e+00 -0.000000e+00 0.000000e+00
5.625000e-02 8.426404e-05 1.000000e+00 1.000000e+00 -0.000000e+00 0.000000e+00
5.664062e-02 8.952793e-05 1.000000e+00 1.000000e+00 -0.000000e+00 0.000000e+00
5.703125e-02 9.479140e-05 1.000000e+00 1.000000e+00 -0.000000e+00 0.000000e+00
5.742188e-02 1.000544e-04 1.000000e+00 1.000000e+00 -0.000000e+00 0.000000e+00
5.781250e-02 1.053170e-04 1.000000e+00 1.000000e+00 -0.000000e+00 0.000000e+00
5.820313e-02 1.105790e-04 1.000000e+00 1.000000e+00 -0.000000e+00 0.000000e+00
5.859375e-02 1.158406e-04 1.000000e+00 1.000000e+00 -0.000000e+00 0.000000e+00
5.898438e-02 1.211016e-04 1.000000e+00 1.000000e+00 -0.000000e+00 0.000000e+00
5.937500e-02 1.263621e-04 1.000000e+00 1.000000e+00 -0.000000e+00 0.000000e+00
5.976563e-02 1.316220e-04 1.000000e+00 1.000000e+00 -0.000000e+00 0.000000e+00
6.015625e-02 1.368813e-04 1.000000e+00 1.000000e+00 -0.000000e+00 0.000000e+00
6.054688e-02 1.421400e-04 1.000000e+00 1.000000e+00 -0.000000e+00 0.000000e+00
6.093750e-02 1.473981e-04 1.000000e+00 1.000000e+00 -0.000000e+00 0.000000e+00
6.132813e-02 1.526555e-04 1.000000e+00 1.000000e+00 -0.000000e+00 0.000000e+00
6.171875e-02 1.579122e-04 1.000000e+00 1.000000e+00 -0.000000e+00 0.000000e+00
6.210938e-02 1.631683e-04 1.000000e+00 1.000000e+00 -0.000000e+00 0.000000e+00
6.250000e-02 1.684236e-04 1.000000e+00 1.000000e+00 -0.000000e+00 0.000000e+00
6.289063e-02 1.736781e-04 1.000000e+00 1.000000e+00 -0.000000e+00 0.000000e+00
6.328125e-02 1.789319e-04 1.000000e+00 1.000000e+00 -0.000000e+00 0.000000e+00
6.367188e-02 1.841849e-04 1.000000e+00 1.000000e+00 -0.000000e+00 0.000000e+00
6.406250e-02 1.894371e-04 1.000000e+00 1.000000e+00 -0.000000e+00 0.000000e+00
6.445312e-02 1.946884e-04 1.000000e+00 1.000000e+00 -0.000000e+00 0.000000e+00
6.484375e-02 1.999389e-04 1.000000e+00 1.000000e+00 -0.000000e+00 0.000000e+00
6.523437e-02 2.051885e-04 1.000000e+00 1.000000e+00 -0.000000e+00 0.000000e+00
6.562500e-02 2.104372e-04 1.000000e+00 1.000000e+00 -0.000000e+00 0.000000e+00
6.601563e-02 2.156850e-04 1.000000e+00 1.000000e+00 -0.000000e+00 0.000000e+00
6.640625e-02 2.209318e-04 1.000000e+00 1.000000e+00 -0.000000e+00 0.000000e+00
6.679688e-02 2.261777e-04 1.000000e+00 1.000000e+00 -0.000000e+00 0.000000e+00
6.718750e-02 2.314226e-04 1.000000e+00 1.000000e+00 -0.000000e+00 0.000000e+00
6.757813e-02 2.366664e-04 1.000000e+00 1.000000e+00 -0.000000e+00 0.000000e+00
6.796875e-02 2.419092e-04 1.000000e+00 1.000000e+00 -0.000000e+00 0.000000e+00
6.835938e-02 2.471509e-04 1.000000e+00 1.000000e+00 -0.000000e+00 0.000000e+00
6.875000e-02 2.523915e-04 1.000000e+00 1.000000e+00 -0.000000e+00 0.000000e+00
6.914062e-02 2.576310e-04 1.000000e+00 1.000000e+00 -0.000000e+00 0.000000e+00
6.953125e-02 2.628694e-04 1.000000e+00 1.000000e+00 -0.000000e+00 0.000000e+00
6.992188e-02 2.681066e-04 1.000000e+00 1.000000e+00 -0.000000e+00 0.000000e+00
7.031250e-02 2.733427e-04 1.000000e+00 1.000000e+00 -0.000000e+00 0.000000e+00
7.070313e-02 2.785775e-04 1.000000e+00 1.000000e+00 -0.000000e+00 0.000000e+00
7.109375e-02 2.838110e-04 1.000000e+00 1.000000e+00 -0.000000e+00 0.000000e+00
7.148438e-02 2.890434e-04 1.000000e+00 1.000000e+00 -0.000000e+00 0.000000e+00
7.187500e-02 2.942744e-04 1.000000e+00 1.000000e+00 -0.000000e+00 0.000000e+00
7.226562e-02 2.995041e-04 1.000000e+00 1.000000e+00 -0.000000e+00 0.000000e+00
7.265625e-02 3.047325e-04 1.000000e+00 1.000000e+00 -0.000000e+00 0.000000e+00
7.304687e-02 3.099595e-04 1.000000e+00 1.000000e+00 -0.000000e+00 0.000000e+00
7.343750e-02 3.151852e-04 1.000000e+00 1.000000e+00 -0.000000e+00 0.000000e+00
7.382813e-02 3.204094e-04 1.000000e+00 1.000000e+00 -0.000000e+00 0.000000e+00
7.421875e-02 3.256323e-04 1.000000e+00 1.000000e+00 -0.000000e+00 0.000000e+00
7.460938e-02 3.308536e-04 1.000000e+00 1.000000e+00 -0.000000e+00 0.000000e+00
7.500000e-02 3.360735e-04 1.000000e+00 1.000000e+00 -0.000000e+00 0.000000e+00
7.539063e-02 3.412919e-04 1.000000e+00 1.000000e+00 -0.000000e+00 0.000000e+00
7.578125e-02 3.465088e-04 1.000000e+00 1.000000e+00 -0.000000e+00 0.000000e+00
7.617188e-02 3.517241e-04 1.000000e+00 1.000000e+00 -0.000000e+00 0.000000e+00
7.656250e-02 3.569378e-04 1.000000e+00 1.000000e+00 -0.000000e+00 0.000000e+00
7.695313e-02 3.621500e-04 1.000000e+00 1.000000e+00 -0.000000e+00 0.000000e+00
7.734375e-02 3.673606e-04 1.000000e+00 1.000000e+00 -0.000000e+00 0.000000e+00
7.773438e-02 3.725695e-04 1.000000e+00 1.000000e+00 -0.000000e+00 0.000000e+00
7.812500e-02 3.777767e-04 1.000000e+00 1.000000e+00 -0.000000e+00 0.000000e+00
7.851563e-02 3.829823e-04 1.000000e+00 1.000000e+00 -0.000000e+00 0.000000e+00
7.890625e-02 3.881862e-04 1.000000e+00 1.000000e+00 -0.000000e+00 0.000000e+00
7.929688e-02 3.933884e-04 1.000000e+00 1.000000e+00 -0.000000e+00 0.000000e+00
7.968750e-02 3.985888e-04 1.000000e+00 1.000000e+00 -0.000000e+00 0.000000e+00
8.007812e-02 4.037875e-04 1.000000e+00 1.000000e+00 -0.000000e+00 0.000000e+00
8.046875e-02 4.089845e-04 1.000000e+00 1.000000e+00 -0.000000e+00 0.000000e+00
8.085938e-02 4.141796e-04 1.000000e+00 1.000000e+00 -0.000000e+00 0.000000e+00
8.125000e-02 4.193729e-04 1.000000e+00 1.000000e+00 -0.000000e+00 0.000000e+00
8.164063e-02 4.245644e-04 1.000000e+00 1.000000e+00 -0.000000e+00 0.000000e+00
8.203125e-02 4.297541e-04 1.000000e+00 1.000000e+00 -0.000000e+00 0.000000e+00
8.242188e-02 4.349419e-04 1.000000e+00 1.000000e+00 -0.000000e+00 0.000000e+00
8.281250e-02 4.401279e-04 1.000000e+00 1.000000e+00 -0.000000e+00 0.000000e+00
8.320313e-02 4.453120e-04 1.000000e+00 1.000000e+00 -0.000000e+00 0.000000e+00
8.359375e-02 4.504943e-04 1.000000e+00 1.000000e+00 -0.000000e+00 0.000000e+00
8.398438e-02 4.556746e-04 1.000000e+00 1.000000e+00 -0.000000e+00 0.000000e+00
8.437500e-02 4.608530e-04 1.000000e+00 1.000000e+00 -0.000000e+00 0.000000e+00
8.476563e-02 4.660295e-04 1.000000e+00 1.000000e+00 -0.000000e+00 0.000000e+00
8.515625e-02 4.712042e-04 1.000000e+00 1.000000e+00 -0.000000e+00 0.000000e+00
8.554688e-02 4.763769e-04 1.000000e+00 1.000000e+00 -0.000000e+00 0.000000e+00
8.593750e-02 4.815476e-04 1.000000e+00 1.000000e+00 -0.000000e+00 0.000000e+00
8.632813e-02 4.867165e-04 1.000000e+00 1.000000e+00 -0.000000e+00 0.000000e+00
8.671875e-02 4.918834e-04 1.000000e+00 1.000000e+00 -0.000000e+00 0.000000e+00
8.710938e-02 4.970484e-04 1.000000e+00 1.000000e+00 -0.000000e+00 0.000000e+00
8.750000e-02 5.022115e-04 1.000000e+00 1.000000e+00 -0.000000e+00 0.000000e+00
8.789062e-02 5.073727e-04 1.000000e+00 1.000000e+00 -0.000000e+00 0.000000e+00
8.828125e-02 5.125319e-04 1.000000e+00 1.000000e+00 -0.000000e+00 0.000000e+00
8.867188e-02 5.176892e-04 1.000000e+00 1.000000e+00 -0.000000e+00 0.000000e+00
8.906250e-02 5.228447e-04 1.000000e+00 1.000000e+00 -0.000000e+00 0.000000e+00
8.945313e-02 5.279982e-04 1.000000e+00 1.000000e+00 -0.000000e+00 0.000000e+00
8.984375e-02 5.331499e-04 1.000000e+00 1.000000e+00 -0.000000e+00 0.000000e+00
9.023438e-02 5.382997e-04 1.000000e+00 1.000000e+00 -0.000000e+00 0.000000e+00
9.062500e-02 5.434476e-04 1.000000e+00 1.000000e+00 -0.000000e+00 0.000000e+00
9.101563e-02 5.485937e-04 1.000000e+00 1.000000e+00 -0.000000e+00 0.000000e+00
9.140625e-02 5.537380e-04 1.000000e+00 1.000000e+00 -0.000000e+00 0.000000e+00
9.179688e-02 5.588805e-04 1.000000e+00 1.000000e+00 -0.000000e+00 0.000000e+00
9.218750e-02 5.640212e-04 1.000000e+00 1.000000e+00 -0.000000e+00 0.000000e+00
9.257813e-02 5.691601e-04 1.000000e+00 1.000000e+00 -0.000000e+00 0.000000e+00
9.296875e-02 5.742974e-04 1.000000e+00 1.000000e+00 -0.000000e+00 0.000000e+00
9.335938e-02 5.794329e-04 1.000000e+00 1.000000e+00 -0.000000e+00 0.000000e+00
9.375000e-02 5.845667e-04 1.000000e+00 1.000000e+00 -0.000000e+00 0.000000e+00
9.414063e-02 5.896989e-04 1.000000e+00 1.000000e+00 -0.000000e+00 0.000000e+00
9.453125e-02 5.948295e-04 1.000000e+00 1.000000e+00 -0.000000e+00 0.000000e+00
9.492188e-02 5.999585e-04 1.000000e+00 1.000000e+00 -0.000000e+00 0.000000e+00
9.531250e-02 6.050859e-04 1.000000e+00 1.000000e+00 -0.000000e+00 0.000000e+00
9.570312e-02 6.102119e-04 1.000000e+00 1.000000e+00 -0.000000e+00 0.000000e+00
9.609375e-02 6.153364e-04 1.000000e+00 1.000000e+00 -0.000000e+00 0.000000e+00
9.648438e-02 6.204596e-04 1.000000e+00 1.000000e+00 -0.000000e+00 0.000000e+00
9.687500e-02 6.255814e-04 1.000000e+00 1.000000e+00 -0.000000e+00 0.000000e+00
9.726563e-02 6.307019e-04 1.000000e+00 1.000000e+00 -0.000000e+00 0.000000e+00
9.765625e-02 6.358212e-04 1.000000e+00 1.000000e+00 -0.000000e+00 0.000000e+00
9.804688e-02 6.409393e-04 1.000000e+00 1.000000e+00 -0.000000e+00 0.000000e+00
9.843750e-02 6.460562e-04 1.000000e+00 1.000000e+00 -0.000000e+00 0.000000e+00
9.882813e-02 6.511721e-04 1.000000e+00 1.000000e+00 -0.000000e+00 0.000000e+00
9.921875e-02 6.562870e-04 1.000000e+00 1.000000e+00 -0.000000e+00 0.000000e+00
9.960938e-02 6.614009e-04 1.000000e+00 1.000000e+00 -0.000000e+00 0.000000e+00
1.000000e-01 6.665138e-04 1.000000e+00 1.000000e+00 -0.000000e+00 0.000000e+00
1.003906e-01 6.716267e-04 1.000000e+00 1.000000e+00 -0.000000e+00 0.000000e+00
1.007813e-01 6.767375e-04 1.000000e+00 1.000000e+00 -0.000000e+00 0.000000e+00
1.011719e-01 6.818473e-04 1.000000e+00 1.000000e+00 -0.000000e+00 0.000000e+00
1.015625e-01 6.869561e-04 1.000000e+00 1.000000e+00 -0.000000e+00 0.000000e+00
1.019531e-01 6.920640e-04 1.000000e+00 1.000000e+00 -0.000000e+00 0.000000e+00
1.023438e-01 6.971710e-04 1.000000e+00 1.000000e+00 -0.000000e+00 0.000000e+00
1.027344e-01 7.022772e-04 1.000000e+00 1.000000e+00 -0.000000e+00 0.000000e+00
1.031250e-01 7.073826e-04 1.000000e+00 1.000000e+00 -0.000000e+00 0.000000e+00
1.035156e-01 7.124874e-04 1.000000e+00 1.000000e+00 -0.000000e+00 0.000000e+00
1.039063e-01 7.175915e-04 1.000000e+00 1.000000e+00 -0.000000e+00 0.000000e+00
1.042969e-01 7.226951e-04 1.000000e+00 1.000000e+00 -0.000000e+00 0.000000e+00
1.046875e-01 7.277982e-04 1.000000e+00 1.000000e+00 -0.000000e+00 0.000000e+00
1.050781e-01 7.329009e-04 1.000000e+00 1.000000e+00 -0.000000e+00 0.000000e+00
1.054688e-01 7.380032e-04 1.000000e+00 1.000000e+00 -0.000000e+00 0.000000e+00
1.058594e-01 7.431052e-04 1.000000e+00 1.000000e+00 -0.000000e+00 0.000000e+00
1.062500e-01 7.482069e-04 1.000000e+00 1.000000e+00 -0.000000e+00 0.000000e+00
1.066406e-01 7.533084e-04 1.000000e+00 1.000000e+00 -0.000000e+00 0.000000e+00
1.070313e-01 7.584098e-04 1.000000e+00 1.000000e+00 -0.000000e+00 0.000000e+00
1.074219e-01 7.635111e-04 1.000000e+00 1.000000e+00 -0.000000e+00 0.000000e+00
1.078125e-01 7.686124e-04 1.000000e+00 1.000000e+00 -0.000000e+00 0.000000e+00
1.082031e-01 7.737136e-04 1.000000e+00 1.000000e+00 -0.000000e+00 0.000000e+00
1.085938e-01 7.788149e-04 1.000000e+00 1.000000e+00 -0.000000e+00 0.000000e+00
1.089844e-01 7.839163e-04 1.000000e+00 1.000000e+00 -0.000000e+00 0.000000e+00
1.093750e-01 7.890178e-04 1.000000e+00 1.000000e+00 -0.000000e+00 0.000000e+00
1.097656e-01 7.941195e-04 1.000000e+00 1.000000e+00 -0.000000e+00 0.000000e+00
1.101563e-01 7.992214e-04 1.000000e+00 1.000000e+00 -0.000000e+00 0.000000e+00
1.105469e-01 8.043235e-04 1.000000e+00 1.000000e+00 -0.000000e+00 0.000000e+00
1.109375e-01 8.094260e-04 1.000000e+00 1.000000e+00 -0.000000e+00 0.000000e+00
1.113281e-01 8.145287e-04 1.000000e+00 1.000000e+00 -0.000000e+00 0.000000e+00
1.117188e-01 8.196318e-04 1.000000e+00 1.000000e+00 -0.000000e+00 0.000000e+00
1.121094e-01 8.247353e-04 1.000000e+00 1.000000e+00 -0.000000e+00 0.000000e+00
1.125000e-01 8.298392e-04 1.000000e+00 1.000000e+00 -0.000000e+00 0.000000e+00
1.128906e-01 8.349435e-04 1.000000e+00 1.000000e+00 -0.000000e+00 0.000000e+00
1.132812e-01 8.400482e-04 1.000000e+00 1.000000e+00 -0.000000e+00 0.000000e+00
1.136719e-01 8.451534e-04 1.000000e+00 1.000000e+00 -0.000000e+00 0.000000e+00
1.140625e-01 8.502591e-04 1.000000e+00 1.000000e+00 -0.000000e+00 0.000000e+00
1.144531e-01 8.553653e-04 1.000000e+00 1.000000e+00 -0.000000e+00 0.000000e+00
1.148438e-01 8.604720e-04 1.000000e+00 1.000000e+00 -0.000000e+00 0.000000e+00
1.152344e-01 8.655792e-04 1.000000e+00 1.000000e+00 -0.000000e+00 0.000000e+00
1.156250e-01 8.706870e-04 1.000000e+00 1.000000e+00 -0.000000e+00 0.000000e+00
1.160156e-01 8.757953e-04 1.000000e+00 1.000000e+00 -0.000000e+00 0.000000e+00
1.164063e-01 8.809041e-04 1.000000e+00 1.000000e+00 -0.000000e+00 0.000000e+00
1.167969e-01 8.860135e-04 1.000000e+00 1.000000e+00 -0.000000e+00 0.000000e+00
1.171875e-01 8.911234e-04 1.000000e+00 1.000000e+00 -0.000000e+00 0.000000e+00
1.175781e-01 8.962339e-04 1.000000e+00 1.000000e+00 -0.000000e+00 0.000000e+00
1.179688e-01 9.013449e-04 1.000000e+00 1.000000e+00 -0.000000e+00 0.000000e+00
1.183594e-01 9.064564e-04 1.000000e+00 1.000000e+00 -0.000000e+00 0.000000e+00
1.187500e-01 9.115684e-04 1.000000e+00 1.000000e+00 -0.000000e+00 0.000000e+00
1.191406e-01 9.166810e-04 1.000000e+00 1.000000e+00 -0.000000e+00 0.000000e+00
1.195313e-01 9.217940e-04 1.000000e+00 1.000000e+00 -0.000000e+00 0.000000e+00
1.199219e-01 9.269075e-04 1.000000e+00 1.000000e+00 -0.000000e+00 0.000000e+00
1.203125e-01 9.320215e-04 1.000000e+00 1.000000e+00 -0.000000e+00 0.000000e+00
1.207031e-01 9.371359e-04 1.000000e+00 1.000000e+00 -0.000000e+00 0.000000e+00
1.210938e-01 9.422508e-04 1.000000e+00 1.000000e+00 -0.000000e+00 0.000000e+00
1.214844e-01 9.473660e-04 1.000000e+00 1.000000e+00 -0.000000e+00 0.000000e+00
1.218750e-01 9.524817e-04 1.000000e+00 1.000000e+00 -0.000000e+00 0.000000e+00
1.222656e-01 9.575977e-04 1.000000e+00 1.000000e+00 -0.000000e+00 0.000000e+00
1.226563e-01 9.627140e-04 1.000000e+00 1.000000e+00 -0.000000e+00 0.000000e+00
1.230469e-01 9.678307e-04 1.000000e+00 1.000000e+00 -0.000000e+00 0.000000e+00
1.234375e-01 9.729476e-04 1.000000e+00 1.000000e+00 -0.000000e+00 0.000000e+00
1.238281e-01 9.780648e-04 1.000000e+00 1.000000e+00 -0.000000e+00 0.000000e+00
1.242188e-01 9.831822e-04 1.000000e+00 1.000000e+00 -0.000000e+00 0.000000e+00
1.246094e-01 9.882998e-04 1.000000e+00 1.000000e+00 -0.000000e+00 0.000000e+00
1.250000e-01 9.934179e-04 1.000000e+00 1.000000e+00 -0.000000e+00 0.000000e+00
1.253906e-01 9.985366e-04 1.000000e+00 1.000000e+00 -0.000000e+00 0.000000e+00
1.257813e-01 1.003656e-03 1.000000e+00 1.000000e+00 -0.000000e+00 0.000000e+00
1.261719e-01 1.008776e-03 1.000000e+00 1.000000e+00 -0.000000e+00 0.000000e+00
1.265625e-01 1.013896e-03 1.000000e+00 1.000000e+00 -0.000000e+00 0.000000e+00
1.269531e-01 1.019017e-03 1.000000e+00 1.000000e+00 -0.000000e+00 0.000000e+00
1.273438e-01 8.460683e-04 1.000000e+00 1.000000e+00 -1.000000e+00 0.000000e+00
1.277344e-01 7.976129e-04 1.000000e+00 1.000000e+00 -1.000000e+00 0.000000e+00
1.281250e-01 7.491576e-04 1.000000e+00 1.000000e+00 -1.000000e+00 0.000000e+00
1.285156e-01 7.007023e-04 1.000000e+00 1.000000e+00 -1.000000e+00 0.000000e+00
1.289062e-01 6.522472e-04 1.000000e+00 1.000000e+00 -1.000000e+00 0.000000e+00
1.292969e-01 6.037921e-04 1.000000e+00 1.000000e+00 -1.000000e+00 0.000000e+00
1.296875e-01 5.553370e-04 1.000000e+00 1.000000e+00 -1.000000e+00 0.000000e+00
1.300781e-01 5.068820e-04 1.000000e+00 1.000000e+00 -1.000000e+00 0.000000e+00
1.304687e-01 4.584271e-04 1.000000e+00 1.000000e+00 -1.000000e+00 0.000000e+00
1.308594e-01 4.099722e-04 1.000000e+00 1.000000e+00 -1.000000e+00 0.000000e+00
1.312500e-01 3.615174e-04 1.000000e+00 1.000000e+00 -1.000000e+00 0.000000e+00
1.316406e-01 3.130625e-04 1.000000e+00 1.000000e+00 -1.000000e+00 0.000000e+00
1.320313e-01 2.646078e-04 1.000000e+00 1.000000e+00 -1.000000e+00 0.000000e+00
1.324219e-01 2.161530e-04 1.000000e+00 1.000000e+00 -1.000000e+00 0.000000e+00
1.328125e-01 1.676983e-04 1.000000e+00 1.000000e+00 -1.000000e+00 0.000000e+00
1.332031e-01 1.192436e-04 1.000000e+00 1.000000e+00 -1.000000e+00 0.000000e+00
1.335938e-01 7.078884e-05 1.000000e+00 1.000000e+00 -1.000000e+00 0.000000e+00
1.339844e-01 2.233412e-05 1.000000e+00 1.000000e+00 -1.000000e+00 0.000000e+00
1.343750e-01 0.000000e+00 8.649957e-01 1.000000e+00 -1.000000e+00 0.000000e+00
1.347656e-01 0.000000e+00 6.828218e-01 1.000000e+00 -1.000000e+00 0.000000e+00
1.351563e-01 0.000000e+00 5.915736e-01 1.000000e+00 -1.000000e+00 0.000000e+00
1.355469e-01 0.000000e+00 5.458685e-01 1.000000e+00 -1.000000e+00 0.000000e+00
1.359375e-01 0.000000e+00 5.229753e-01 1.000000e+00 -1.000000e+00 0.000000e+00
1.363281e-01 0.000000e+00 5.115083e-01 1.000000e+00 -1.000000e+00 0.000000e+00
1.367188e-01 0.000000e+00 5.057645e-01 1.000000e+00 -1.000000e+00 0.000000e+00
1.371094e-01 0.000000e+00 5.028875e-01 1.000000e+00 -1.000000e+00 0.000000e+00
1.375000e-01 0.000000e+00 5.014464e-01 1.000000e+00 -1.000000e+00 0.000000e+00
1.378906e-01 0.000000e+00 5.007245e-01 1.000000e+00 -1.000000e+00 0.000000e+00
1.382812e-01 0.000000e+00 5.003629e-01 1.000000e+00 -1.000000e+00 0.000000e+00
1.386719e-01 0.000000e+00 5.001818e-01 1.000000e+00 -1.000000e+00 0.000000e+00
1.390625e-01 0.000000e+00 5.000911e-01 1.000000e+00 -1.000000e+00 0.000000e+00
1.394531e-01 0.000000e+00 5.000456e-01 1.000000e+00 -1.000000e+00 0.000000e+00
1.398438e-01 0.000000e+00 5.000228e-01 1.000000e+00 -1.000000e+00 0.000000e+00
1.402344e-01 0.000000e+00 5.000114e-01 1.000000e+00 -1.000000e+00 0.000000e+00
1.406250e-01 0.000000e+00 5.000057e-01 1.000000e+00 -1.000000e+00 0.000000e+00
1.410156e-01 0.000000e+00 5.000029e-01 1.000000e+00 -1.000000e+00 0.000000e+00
1.414063e-01 0.000000e+00 5.000014e-01 1.000000e+00 -1.000000e+00 0.000000e+00
1.417969e-01 0.000000e+00 5.000007e-01 1.000000e+00 -1.000000e+00 0.000000e+00
1.421875e-01 0.000000e+00 5.000004e-01 1.000000e+00 -1.000000e+00 0.000000e+00
1.425781e-01 0.000000e+00 5.000002e-01 1.000000e+00 -1.000000e+00 0.000000e+00
1.429688e-01 0.000000e+00 5.000001e-01 1.000000e+00 -1.000000e+00 0.000000e+00
1.433594e-01 0.000000e+00 5.000000e-01 1.000000e+00 -1.000000e+00 0.000000e+00
1.437500e-01 0.000000e+00 5.000000e-01 1.000000e+00 -1.000000e+00 0.000000e+00
1.441406e-01 0.000000e+00 5.000000e-01 1.000000e+00 -1.000000e+00 0.000000e+00
1.445312e-01 0.000000e+00 5.000000e-01 1.000000e+00 -1.000000e+00 0.000000e+00
1.449219e-01 0.000000e+00 5.000000e-01 1.000000e+00 -1.000000e+00 0.000000e+00
1.453125e-01 0.000000e+00 5.000000e-01 1.000000e+00 -1.000000e+00 0.000000e+00
1.457031e-01 0.000000e+00 5.000000e-01 1.000000e+00 -1.000000e+00 0.000000e+00
1.460937e-01 0.000000e+00 5.000000e-01 1.000000e+00 -1.000000e+00 0.000000e+00
1.464844e-01 0.000000e+00 5.000000e-01 1.000000e+00 -1.000000e+00 0.000000e+00
1.468750e-01 0.000000e+00 5.000000e-01 1.000000e+00 -1.000000e+00 0.000000e+00
1.472656e-01 1.466155e-14 1.000000e+00 1.000000e+00 -0.000000e+00 0.000000e+00
1.476563e-01 1.256705e-14 1.000000e+00 1.000000e+00 -0.000000e+00 0.000000e+00
1.480469e-01 1.047254e-14 1.000000e+00 1.000000e+00 -0.000000e+00 0.000000e+00
1.484375e-01 8.378029e-15 1.000000e+00 1.000000e+00 -0.000000e+00 0.000000e+00
1.488281e-01 6.283521e-15 1.000000e+00 1.000000e+00 -0.000000e+00 0.000000e+00
1.492188e-01 4.189014e-15 1.000000e+00 1.000000e+00 -0.000000e+00 0.000000e+00
1.496094e-01 2.094507e-15 1.000000e+00 1.000000e+00 -0.000000e+00 0.000000e+00
1.500000e-01 3.351211e-23 1.000000e+00 1.000000e+00 -0.000000e+00 0.000000e+00
1.503906e-01 0.000000e+00 2.000000e-03 5.000000e+02 -0.000000e+00 0.000000e+00
1.507813e-01 0.000000e+00 2.000000e-03 5.000000e+02 -0.000000e+00 0.000000e+00
1.511719e-01 0.000000e+00 2.000000e-03 5.000000e+02 -0.000000e+00 0.000000e+00
1.515625e-01 0.000000e+00 2.000000e-03 5.000000e+02 -0.000000e+00 0.000000e+00
1.519531e-01 0.000000e+00 2.000000e-03 5.000000e+02 -0.000000e+00 0.000000e+00
1.523438e-01 0.000000e+00 2.000000e-03 5.000000e+02 -0.000000e+00 0.000000e+00
1.527344e-01 0.000000e+00 2.000000e-03 5.000000e+02 -0.000000e+00 0.000000e+00
1.531250e-01 0.000000e+00 2.000000e-03 5.000000e+02 -0.000000e+00 0.000000e+00
1.535156e-01 0.000000e+00 2.000000e-03 5.000000e+02 -0.000000e+00 0.000000e+00
1.539063e-01 0.000000e+00 2.000000e-03 5.000000e+02 -0.000000e+00 0.000000e+00
1.542969e-01 0.000000e+00 2.000000e-03 5.000000e+02 -0.000000e+00 0.000000e+00
1.546875e-01 0.000000e+00 2.000000e-03 5.000000e+02 -0.000000e+00 0.000000e+00
1.550781e-01 0.000000e+00 2.000000e-03 5.000000e+02 -0.000000e+00 0.000000e+00
1.554688e-01 0.000000e+00 2.000000e-03 5.000000e+02 -0.000000e+00 0.000000e+00
1.558594e-01 0.000000e+00 2.000000e-03 5.000000e+02 -0.000000e+00 0.000000e+00
1.562500e-01 0.000000e+00 2.000000e-03 5.000000e+02 -0.000000e+00 0.000000e+00
1.566406e-01 0.000000e+00 2.000000e-03 5.000000e+02 -0.000000e+00 0.000000e+00
1.570313e-01 0.000000e+00 2.000000e-03 5.000000e+02 -0.000000e+00 0.000000e+00
1.574219e-01 0.000000e+00 2.000000e-03 5.000000e+02 -0.000000e+00 0.000000e+00
1.578125e-01 0.000000e+00 2.000000e-03 5.000000e+02 -0.000000e+00 0.000000e+00
1.582031e-01 0.000000e+00 2.000000e-03 5.000000e+02 -0.000000e+00 0.000000e+00
1.585938e-01 0.000000e+00 2.000000e-03 5.000000e+02 -0.000000e+00 0.000000e+00
1.589844e-01 0.000000e+00 2.000000e-03 5.000000e+02 -0.000000e+00 0.000000e+00
1.593750e-01 0.000000e+00 2.000000e-03 5.000000e+02 -0.000000e+00 0.000000e+00
1.597656e-01 0.000000e+00 2.000000e-03 5.000000e+02 -0.000000e+00 0.000000e+00
1.601562e-01 0.000000e+00 2.000000e-03 5.000000e+02 -0.000000e+00 0.000000e+00
1.605469e-01 0.000000e+00 2.000000e-03 5.000000e+02 -0.000000e+00 0.000000e+00
1.609375e-01 0.000000e+00 2.000000e-03 5.000000e+02 -0.000000e+00 0.000000e+00
1.613281e-01 0.000000e+00 2.000000e-03 5.000000e+02 -0.000000e+00 0.000000e+00
1.617188e-01 0.000000e+00 2.000000e-03 5.000000e+02 -0.000000e+00 0.000000e+00
1.621094e-01 0.000000e+00 2.000000e-03 5.000000e+02 -0.000000e+00 0.000000e+00
1.625000e-01 0.000000e+00 2.000000e-03 5.000000e+02 -0.000000e+00 0.000000e+00
1.628906e-01 0.000000e+00 2.000000e-03 5.000000e+02 -0.000000e+00 0.000000e+00
1.632813e-01 0.000000e+00 2.000000e-03 5.000000e+02 -0.000000e+00 0.000000e+00
1.636719e-01 0.000000e+00 2.000000e-03 5.000000e+02 -0.000000e+00 0.000000e+00
1.640625e-01 0.000000e+00 2.000000e-03 5.000000e+02 -0.000000e+00 0.000000e+00
1.644531e-01 0.000000e+00 2.000000e-03 5.000000e+02 -0.000000e+00 0.000000e+00
1.648438e-01 0.000000e+00 2.000000e-03 5.000000e+02 -0.000000e+00 0.000000e+00
1.652344e-01 0.000000e+00 2.000000e-03 5.000000e+02 -0.000000e+00 0.000000e+00
1.656250e-01 0.000000e+00 2.000000e-03 5.000000e+02 -0.000000e+00 0.000000e+00
1.660156e-01 0.000000e+00 2.000000e-03 5.000000e+02 -0.000000e+00 0.000000e+00
1.664063e-01 0.000000e+00 2.000000e-03 5.000000e+02 -0.000000e+00 0.000000e+00
1.667969e-01 0.000000e+00 2.000000e-03 5.000000e+02 -0.000000e+00 0.000000e+00
1.671875e-01 0.000000e+00 2.000000e-03 5.000000e+02 -0.000000e+00 0.000000e+00
1.675781e-01 0.000000e+00 2.000000e-03 5.000000e+02 -0.000000e+00 0.000000e+00
1.679688e-01 0.000000e+00 2.000000e-03 5.000000e+02 -0.000000e+00 0.000000e+00
1.683594e-01 0.000000e+00 2.000000e-03 5.000000e+02 -0.000000e+00 0.000000e+00
1.687500e-01 0.000000e+00 2.000000e-03 5.000000e+02 -0.000000e+00 0.000000e+00
1.691406e-01 0.000000e+00 2.000000e-03 5.000000e+02 -0.000000e+00 0.000000e+00
1.695313e-01 0.000000e+00 2.000000e-03 5.000000e+02 -0.000000e+00 0.000000e+00
1.699219e-01 0.000000e+00 2.000000e-03 5.000000e+02 -0.000000e+00 0.000000e+00
1.703125e-01 0.000000e+00 2.000000e-03 5.000000e+02 -0.000000e+00 0.000000e+00
1.707031e-01 0.000000e+00 2.000000e-03 5.000000e+02 -0.000000e+00 0.000000e+00
1.710938e-01 0.000000e+00 2.000000e-03 5.000000e+02 -0.000000e+00 0.000000e+00
1.714844e-01 0.000000e+00 2.000000e-03 5.000000e+02 -0.000000e+00 0.000000e+00
1.718750e-01 0.000000e+00 2.000000e-03 5.000000e+02 -0.000000e+00 0.000000e+00
1.722656e-01 0.000000e+00 2.000001e-03 5.000000e+02 -0.000000e+00 0.000000e+00
1.726563e-01 0.000000e+00 2.000001e-03 5.000000e+02 -0.000000e+00 0.000000e+00
1.730469e-01 0.000000e+00 2.000001e-03 5.000000e+02 -0.000000e+00 0.000000e+00
1.734375e-01 0.000000e+00 2.000001e-03 5.000000e+02 -0.000000e+00 0.000000e+00
1.738281e-01 0.000000e+00 2.000001e-03 5.000000e+02 -0.000000e+00 0.000000e+00
1.742188e-01 0.000000e+00 2.000001e-03 5.000000e+02 -0.000000e+00 0.000000e+00
1.746094e-01 0.000000e+00 2.000001e-03 5.000000e+02 -0.000000e+00 0.000000e+00
1.750000e-01 0.000000e+00 2.000001e-03 5.000000e+02 -0.000000e+00 0.000000e+00
1.753906e-01 0.000000e+00 2.000002e-03 5.000000e+02 -0.000000e+00 0.000000e+00
1.757812e-01 0.000000e+00 2.000003e-03 5.000000e+02 -0.000000e+00 0.000000e+00
1.761719e-01 0.000000e+00 2.000004e-03 5.000000e+02 -0.000000e+00 0.000000e+00
1.765625e-01 0.000000e+00 2.000007e-03 5.000000e+02 -0.000000e+00 0.000000e+00
1.769531e-01 0.000000e+00 2.000010e-03 5.000000e+02 -0.000000e+00 0.000000e+00
1.773438e-01 0.000000e+00 2.000016e-03 5.000000e+02 -0.000000e+00 0.000000e+00
1.777344e-01 0.000000e+00 2.000024e-03 5.000000e+02 -0.000000e+00 0.000000e+00
1.781250e-01 0.000000e+00 2.000037e-03 5.000000e+02 -0.000000e+00 0.000000e+00
1.785156e-01 0.000000e+00 2.000055e-03 5.000000e+02 -0.000000e+00 0.000000e+00
1.789063e-01 0.000000e+00 2.000083e-03 5.000000e+02 -0.000000e+00 0.000000e+00
1.792969e-01 0.000000e+00 2.000122e-03 5.000000e+02 -0.000000e+00 0.000000e+00
1.796875e-01 0.000000e+00 2.000178e-03 5.000000e+02 -0.000000e+00 0.000000e+00
1.800781e-01 0.000000e+00 2.000258e-03 5.000000e+02 -0.000000e+00 0.000000e+00
1.804688e-01 0.000000e+00 2.000370e-03 5.000000e+02 -0.000000e+00 0.000000e+00
1.808594e-01 0.000000e+00 2.000526e-03 5.000000e+02 -0.000000e+00 0.000000e+00
1.812500e-01 0.000000e+00 2.000741e-03 5.000000e+02 -0.000000e+00 0.000000e+00
1.816406e-01 0.000000e+00 2.001034e-03 5.000000e+02 -0.000000e+00 0.000000e+00
1.820313e-01 0.000000e+00 2.001429e-03 5.000000e+02 -0.000000e+00 0.000000e+00
1.824219e-01 0.000000e+00 2.001959e-03 5.000000e+02 -0.000000e+00 0.000000e+00
1.828125e-01 0.000000e+00 2.002661e-03 5.000000e+02 -0.000000e+00 0.000000e+00
1.832031e-01 0.000000e+00 2.003585e-03 5.000000e+02 -0.000000e+00 0.000000e+00
1.835938e-01 0.000000e+00 2.004789e-03 5.000000e+02 -0.000000e+00 0.000000e+00
1.839844e-01 0.000000e+00 2.006344e-03 5.000000e+02 -0.000000e+00 0.000000e+00
1.843750e-01 0.000000e+00 2.008337e-03 5.000000e+02 -0.000000e+00 0.000000e+00
1.847656e-01 0.000000e+00 2.010869e-03 5.000000e+02 -0.000000e+00 0.000000e+00
1.851563e-01 0.000000e+00 2.014058e-03 5.000000e+02 -0.000000e+00 0.000000e+00
1.855469e-01 0.000000e+00 2.018043e-03 5.000000e+02 -0.000000e+00 0.000000e+00
1.859375e-01 0.000000e+00 2.022982e-03 5.000000e+02 -0.000000e+00 0.000000e+00
1.863281e-01 0.000000e+00 2.029055e-03 5.000000e+02 -0.000000e+00 0.000000e+00
1.867188e-01 0.000000e+00 2.036463e-03 5.000000e+02 -0.000000e+00 0.000000e+00
1.871094e-01 0.000000e+00 2.045431e-03 5.000000e+02 -0.000000e+00 0.000000e+00
1.875000e-01 0.000000e+00 2.056205e-03 5.000000e+02 -0.000000e+00 0.000000e+00
1.878906e-01 0.000000e+00 2.069049e-03 5.000000e+02 -0.000000e+00 0.000000e+00
1.882813e-01 0.000000e+00 2.084249e-03 5.000000e+02 -0.000000e+00 0.000000e+00
1.886719e-01 0.000000e+00 2.102104e-03 5.000000e+02 -0.000000e+00 0.000000e+00
1.890625e-01 0.000000e+00 2.122926e-03 5.000000e+02 -0.000000e+00 0.000000e+00
1.894531e-01 0.000000e+00 2.147036e-03 5.000000e+02 -0.000000e+00 0.000000e+00
1.898438e-01 0.000000e+00 2.174755e-03 5.000000e+02 -0.000000e+00 0.000000e+00
1.902344e-01 0.000000e+00 2.206401e-03 5.000000e+02 -0.000000e+00 0.000000e+00
1.906250e-01 0.000000e+00 2.242282e-03 5.000000e+02 -0.000000e+00 0.000000e+00
1.910156e-01 0.000000e+00 2.282690e-03 5.000000e+02 -0.000000e+00 0.000000e+00
1.914062e-01 0.000000e+00 2.327889e-03 5.000000e+02 -0.000000e+00 0.000000e+00
1.917969e-01 0.000000e+00 2.378113e-03 5.000000e+02 -0.000000e+00 0.000000e+00
1.921875e-01 0.000000e+00 2.433554e-03 5.000000e+02 -0.000000e+00 0.000000e+00
1.925781e-01 0.000000e+00 2.494360e-03 5.000000e+02 -0.000000e+00 0.000000e+00
1.929688e-01 0.000000e+00 2.560622e-03 5.000000e+02 -0.000000e+00 0.000000e+00
1.933594e-01 0.000000e+00 2.632376e-03 5.000000e+02 -0.000000e+00 0.000000e+00
1.937500e-01 0.000000e+00 2.709590e-03 5.000000e+02 -0.000000e+00 0.000000e+00
1.941406e-01 0.000000e+00 2.792168e-03 5.000000e+02 -0.000000e+00 0.000000e+00
1.945313e-01 0.000000e+00 2.879944e-03 5.000000e+02 -0.000000e+00 0.000000e+00
1.949219e-01 0.000000e+00 2.972684e-03 5.000000e+02 -0.000000e+00 0.000000e+00
1.953125e-01 0.000000e+00 3.070083e-03 5.000000e+02 -0.000000e+00 0.000000e+00
1.957031e-01 0.000000e+00 3.171775e-03 5.000000e+02 -0.000000e+00 0.000000e+00
1.960938e-01 0.000000e+00 3.277329e-03 5.000000e+02 -0.000000e+00 0.000000e+00
1.964844e-01 0.000000e+00 3.386262e-03 5.000000e+02 -0.000000e+00 0.000000e+00
1.968750e-01 0.000000e+00 3.498042e-03 5.000000e+02 -0.000000e+00 0.000000e+00
1.972656e-01 0.000000e+00 3.612097e-03 5.000000e+02 -0.000000e+00 0.000000e+00
1.976563e-01 0.000000e+00 3.727825e-03 5.000000e+02 -0.000000e+00 0.000000e+00
1.980469e-01 0.000000e+00 3.844605e-03 5.000000e+02 -0.000000e+00 0.000000e+00
1.984375e-01 0.000000e+00 3.961803e-03 5.000000e+02 -0.000000e+00 0.000000e+00
1.988281e-01 0.000000e+00 4.078786e-03 5.000000e+02 -0.000000e+00 0.000000e+00
1.992188e-01 0.000000e+00 4.194934e-03 5.000000e+02 -0.000000e+00 0.000000e+00
1.996094e-01 0.000000e+00 4.309642e-03 5.000000e+02 -0.000000e+00 0.000000e+00
2.000000e-01 0.000000e+00 2.000000e-03 5.000000e+02 -0.000000e+00 0.000000e+00
