0.000000e+00 0.000000e+00 6.000000e-03 5.000000e+02 -0.000000e+00 0.000000e+00
1.953125e-04 0.000000e+00 6.000000e-03 5.000000e+02 -0.000000e+00 0.000000e+00
3.906250e-04 0.000000e+00 6.000000e-03 5.000000e+02 -0.000000e+00 0.000000e+00
5.859375e-04 0.000000e+00 6.000000e-03 5.000000e+02 -0.000000e+00 0.000000e+00
7.812500e-04 0.000000e+00 6.000000e-03 5.000000e+02 -0.000000e+00 0.000000e+00
9.765625e-04 0.000000e+00 6.000000e-03 5.000000e+02 -0.000000e+00 0.000000e+00
1.171875e-03 0.000000e+00 6.000000e-03 5.000000e+02 -0.000000e+00 0.000000e+00
1.367188e-03 0.000000e+00 6.000000e-03 5.000000e+02 -0.000000e+00 0.000000e+00
1.562500e-03 0.000000e+00 6.000000e-03 5.000000e+02 -0.000000e+00 0.000000e+00
1.757813e-03 0.000000e+00 6.000000e-03 5.000000e+02 -0.000000e+00 0.000000e+00
1.953125e-03 0.000000e+00 6.000000e-03 5.000000e+02 -0.000000e+00 0.000000e+00
2.148438e-03 0.000000e+00 6.000000e-03 5.000000e+02 -0.000000e+00 0.000000e+00
2.343750e-03 0.000000e+00 6.000000e-03 5.000000e+02 -0.000000e+00 0.000000e+00
2.539063e-03 0.000000e+00 6.000000e-03 5.000000e+02 -0.000000e+00 0.000000e+00
2.734375e-03 0.000000e+00 6.000000e-03 5.000000e+02 -0.000000e+00 0.000000e+00
2.929688e-03 0.000000e+00 6.000000e-03 5.000000e+02 -0.000000e+00 0.000000e+00
3.125000e-03 0.000000e+00 6.000000e-03 5.000000e+02 -0.000000e+00 0.000000e+00
3.320313e-03 0.000000e+00 6.000000e-03 5.000000e+02 -0.000000e+00 0.000000e+00
3.515625e-03 0.000000e+00 6.000000e-03 5.000000e+02 -0.000000e+00 0.000000e+00
3.710938e-03 0.000000e+00 6.000000e-03 5.000000e+02 -0.000000e+00 0.000000e+00
3.906250e-03 0.000000e+00 6.000000e-03 5.000000e+02 -0.000000e+00 0.000000e+00
4.101563e-03 0.000000e+00 6.000000e-03 5.000000e+02 -0.000000e+00 0.000000e+00
4.296875e-03 0.000000e+00 6.000000e-03 5.000000e+02 -0.000000e+00 0.000000e+00
4.492188e-03 0.000000e+00 6.000000e-03 5.000000e+02 -0.000000e+00 0.000000e+00
4.687500e-03 0.000000e+00 6.000000e-03 5.000000e+02 -0.000000e+00 0.000000e+00
4.882812e-03 0.000000e+00 6.000000e-03 5.000000e+02 -0.000000e+00 0.000000e+00
5.078125e-03 0.000000e+00 6.000000e-03 5.000000e+02 -0.000000e+00 0.000000e+00
5.273438e-03 0.000000e+00 6.000000e-03 5.000000e+02 -0.000000e+00 0.000000e+00
5.468750e-03 0.000000e+00 6.000000e-03 5.000000e+02 -0.000000e+00 0.000000e+00
5.664063e-03 0.000000e+00 6.000000e-03 5.000000e+02 -0.000000e+00 0.000000e+00
5.859375e-03 0.000000e+00 6.000000e-03 5.000000e+02 -0.000000e+00 0.000000e+00
6.054688e-03 0.000000e+00 6.000000e-03 5.000000e+02 -0.000000e+00 0.000000e+00
6.250000e-03 0.000000e+00 6.000000e-03 5.000000e+02 -0.000000e+00 0.000000e+00
6.445313e-03 0.000000e+00 6.000000e-03 5.000000e+02 -0.000000e+00 0.000000e+00
6.640625e-03 0.000000e+00 6.000000e-03 5.000000e+02 -0.000000e+00 0.000000e+00
6.835938e-03 0.000000e+00 6.000000e-03 5.000000e+02 -0.000000e+00 0.000000e+00
7.031250e-03 0.000000e+00 6.000000e-03 5.000000e+02 -0.000000e+00 0.000000e+00
7.226563e-03 0.000000e+00 6.000000e-03 5.000000e+02 -0.000000e+00 0.000000e+00
7.421875e-03 0.000000e+00 6.000000e-03 5.000000e+02 -0.000000e+00 0.000000e+00
7.617188e-03 0.000000e+00 6.000000e-03 5.000000e+02 -0.000000e+00 0.000000e+00
7.812500e-03 0.000000e+00 6.000000e-03 5.000000e+02 -0.000000e+00 0.000000e+00
8.007813e-03 0.000000e+00 6.000000e-03 5.000000e+02 -0.000000e+00 0.000000e+00
8.203125e-03 0.000000e+00 6.000000e-03 5.000000e+02 -0.000000e+00 0.000000e+00
8.398437e-03 0.000000e+00 6.000000e-03 5.000000e+02 -0.000000e+00 0.000000e+00
8.593750e-03 0.000000e+00 6.000000e-03 5.000000e+02 -0.000000e+00 0.000000e+00
8.789062e-03 0.000000e+00 6.000000e-03 5.000000e+02 -0.000000e+00 0.000000e+00
8.984375e-03 0.000000e+00 6.000000e-03 5.000000e+02 -0.000000e+00 0.000000e+00
9.179688e-03 0.000000e+00 6.000000e-03 5.000000e+02 -0.000000e+00 0.000000e+00
9.375000e-03 0.000000e+00 6.000000e-03 5.000000e+02 -0.000000e+00 0.000000e+00
9.570313e-03 0.000000e+00 6.000000e-03 5.000000e+02 -0.000000e+00 0.000000e+00
9.765625e-03 0.000000e+00 6.000000e-03 5.000000e+02 -0.000000e+00 0.000000e+00
9.960938e-03 0.000000e+00 6.000000e-03 5.000000e+02 -0.000000e+00 0.000000e+00
1.015625e-02 0.000000e+00 6.000000e-03 5.000000e+02 -0.000000e+00 0.000000e+00
1.035156e-02 0.000000e+00 6.000000e-03 5.000000e+02 -0.000000e+00 0.000000e+00
1.054688e-02 0.000000e+00 6.000000e-03 5.000000e+02 -0.000000e+00 0.000000e+00
1.074219e-02 0.000000e+00 6.000000e-03 5.000000e+02 -0.000000e+00 0.000000e+00
1.093750e-02 0.000000e+00 6.000000e-03 5.000000e+02 -0.000000e+00 0.000000e+00
1.113281e-02 0.000000e+00 6.000000e-03 5.000000e+02 -0.000000e+00 0.000000e+00
1.132813e-02 0.000000e+00 6.000000e-03 5.000000e+02 -0.000000e+00 0.000000e+00
1.152344e-02 0.000000e+00 6.000000e-03 5.000000e+02 -0.000000e+00 0.000000e+00
1.171875e-02 0.000000e+00 6.000000e-03 5.000000e+02 -0.000000e+00 0.000000e+00
1.191406e-02 0.000000e+00 6.000000e-03 5.000000e+02 -0.000000e+00 0.000000e+00
1.210938e-02 0.000000e+00 6.000000e-03 5.000000e+02 -0.000000e+00 0.000000e+00
1.230469e-02 0.000000e+00 6.000000e-03 5.000000e+02 -0.000000e+00 0.000000e+00
1.250000e-02 0.000000e+00 6.000000e-03 5.000000e+02 -0.000000e+00 0.000000e+00
1.269531e-02 0.000000e+00 6.000000e-03 5.000000e+02 -0.000000e+00 0.000000e+00
1.289063e-02 0.000000e+00 6.000000e-03 5.000000e+02 -0.000000e+00 0.000000e+00
1.308594e-02 0.000000e+00 6.000000e-03 5.000000e+02 -0.000000e+00 0.000000e+00
1.328125e-02 0.000000e+00 6.000000e-03 5.000000e+02 -0.000000e+00 0.000000e+00
1.347656e-02 0.000000e+00 6.000000e-03 5.000000e+02 -0.000000e+00 0.000000e+00
1.367188e-02 0.000000e+00 6.000000e-03 5.000000e+02 -0.000000e+00 0.000000e+00
1.386719e-02 0.000000e+00 6.000000e-03 5.000000e+02 -0.000000e+00 0.000000e+00
1.406250e-02 0.000000e+00 6.000000e-03 5.000000e+02 -0.000000e+00 0.000000e+00
1.425781e-02 0.000000e+00 6.000000e-03 5.000000e+02 -0.000000e+00 0.000000e+00
1.445313e-02 0.000000e+00 6.000000e-03 5.000000e+02 -0.000000e+00 0.000000e+00
1.464844e-02 0.000000e+00 6.000000e-03 5.000000e+02 -0.000000e+00 0.000000e+00
1.484375e-02 0.000000e+00 6.000000e-03 5.000000e+02 -0.000000e+00 0.000000e+00
1.503906e-02 0.000000e+00 6.000000e-03 5.000000e+02 -0.000000e+00 0.000000e+00
1.523438e-02 0.000000e+00 6.000000e-03 5.000000e+02 -0.000000e+00 0.000000e+00
1.542969e-02 0.000000e+00 6.000000e-03 5.000000e+02 -0.000000e+00 0.000000e+00
1.562500e-02 0.000000e+00 6.000000e-03 5.000000e+02 -0.000000e+00 0.000000e+00
1.582031e-02 0.000000e+00 6.000000e-03 5.000000e+02 -0.000000e+00 0.000000e+00
1.601563e-02 0.000000e+00 6.000000e-03 5.000000e+02 -0.000000e+00 0.000000e+00
1.621094e-02 0.000000e+00 6.000000e-03 5.000000e+02 -0.000000e+00 0.000000e+00
1.640625e-02 0.000000e+00 6.000000e-03 5.000000e+02 -0.000000e+00 0.000000e+00
1.660156e-02 0.000000e+00 6.000000e-03 5.000000e+02 -0.000000e+00 0.000000e+00
1.679687e-02 0.000000e+00 6.000000e-03 5.000000e+02 -0.000000e+00 0.000000e+00
1.699219e-02 0.000000e+00 6.000000e-03 5.000000e+02 -0.000000e+00 0.000000e+00
1.718750e-02 0.000000e+00 6.000000e-03 5.000000e+02 -0.000000e+00 0.000000e+00
1.738281e-02 0.000000e+00 6.000000e-03 5.000000e+02 -0.000000e+00 0.000000e+00
1.757812e-02 0.000000e+00 6.000000e-03 5.000000e+02 -0.000000e+00 0.000000e+00
1.777344e-02 0.000000e+00 6.000000e-03 5.000000e+02 -0.000000e+00 0.000000e+00
1.796875e-02 0.000000e+00 6.000000e-03 5.000000e+02 -0.000000e+00 0.000000e+00
1.816406e-02 0.000000e+00 6.000000e-03 5.000000e+02 -0.000000e+00 0.000000e+00
1.835938e-02 0.000000e+00 6.000000e-03 5.000000e+02 -0.000000e+00 0.000000e+00
1.855469e-02 0.000000e+00 6.000000e-03 5.000000e+02 -0.000000e+00 0.000000e+00
1.875000e-02 0.000000e+00 6.000000e-03 5.000000e+02 -0.000000e+00 0.000000e+00
1.894531e-02 0.000000e+00 6.000000e-03 5.000000e+02 -0.000000e+00 0.000000e+00
1.914063e-02 0.000000e+00 6.000000e-03 5.000000e+02 -0.000000e+00 0.000000e+00
1.933594e-02 0.000000e+00 6.000000e-03 5.000000e+02 -0.000000e+00 0.000000e+00
1.953125e-02 0.000000e+00 6.000000e-03 5.000000e+02 -0.000000e+00 0.000000e+00
1.972656e-02 0.000000e+00 6.000000e-03 5.000000e+02 -0.000000e+00 0.000000e+00
1.992188e-02 0.000000e+00 6.000000e-03 5.000000e+02 -0.000000e+00 0.000000e+00
2.011719e-02 0.000000e+00 6.000000e-03 5.000000e+02 -0.000000e+00 0.000000e+00
2.031250e-02 0.000000e+00 6.000000e-03 5.000000e+02 -0.000000e+00 0.000000e+00
2.050781e-02 0.000000e+00 6.000000e-03 5.000000e+02 -0.000000e+00 0.000000e+00
2.070313e-02 0.000000e+00 6.000000e-03 5.000000e+02 -0.000000e+00 0.000000e+00
2.089844e-02 0.000000e+00 6.000000e-03 5.000000e+02 -0.000000e+00 0.000000e+00
2.109375e-02 0.000000e+00 6.000000e-03 5.000000e+02 -0.000000e+00 0.000000e+00
2.128906e-02 0.000000e+00 6.000000e-03 5.000000e+02 -0.000000e+00 0.000000e+00
2.148438e-02 0.000000e+00 6.000000e-03 5.000000e+02 -0.000000e+00 0.000000e+00
2.167969e-02 0.000000e+00 6.000000e-03 5.000000e+02 -0.000000e+00 0.000000e+00
2.187500e-02 0.000000e+00 6.000000e-03 5.000000e+02 -0.000000e+00 0.000000e+00
2.207031e-02 0.000000e+00 6.000000e-03 5.000000e+02 -0.000000e+00 0.000000e+00
2.226563e-02 0.000000e+00 6.000000e-03 5.000000e+02 -0.000000e+00 0.000000e+00
2.246094e-02 0.000000e+00 6.000000e-03 5.000000e+02 -0.000000e+00 0.000000e+00
2.265625e-02 0.000000e+00 6.000000e-03 5.000000e+02 -0.000000e+00 0.000000e+00
2.285156e-02 0.000000e+00 6.000000e-03 5.000000e+02 -0.000000e+00 0.000000e+00
2.304688e-02 0.000000e+00 6.000000e-03 5.000000e+02 -0.000000e+00 0.000000e+00
2.324219e-02 0.000000e+00 6.000000e-03 5.000000e+02 -0.000000e+00 0.000000e+00
2.343750e-02 0.000000e+00 6.000000e-03 5.000000e+02 -0.000000e+00 0.000000e+00
2.363281e-02 0.000000e+00 6.000000e-03 5.000000e+02 -0.000000e+00 0.000000e+00
2.382813e-02 0.000000e+00 6.000000e-03 5.000000e+02 -0.000000e+00 0.000000e+00
2.402344e-02 0.000000e+00 6.000000e-03 5.000000e+02 -0.000000e+00 0.000000e+00
2.421875e-02 0.000000e+00 6.000000e-03 5.000000e+02 -0.000000e+00 0.000000e+00
2.441406e-02 0.000000e+00 6.000000e-03 5.000000e+02 -0.000000e+00 0.000000e+00
2.460938e-02 0.000000e+00 6.000000e-03 5.000000e+02 -0.000000e+00 0.000000e+00
2.480469e-02 0.000000e+00 6.000000e-03 5.000000e+02 -0.000000e+00 0.000000e+00
2.500000e-02 0.000000e+00 6.000000e-03 5.000000e+02 -0.000000e+00 0.000000e+00
2.519531e-02 0.000000e+00 6.000000e-03 5.000000e+02 -0.000000e+00 0.000000e+00
2.539062e-02 0.000000e+00 6.000000e-03 5.000000e+02 -0.000000e+00 0.000000e+00
2.558594e-02 0.000000e+00 6.000000e-03 5.000000e+02 -0.000000e+00 0.000000e+00
2.578125e-02 0.000000e+00 6.000000e-03 5.000000e+02 -0.000000e+00 0.000000e+00
2.597656e-02 0.000000e+00 6.000000e-03 5.000000e+02 -0.000000e+00 0.000000e+00
2.617188e-02 0.000000e+00 6.000000e-03 5.000000e+02 -0.000000e+00 0.000000e+00
2.636719e-02 0.000000e+00 6.000000e-03 5.000000e+02 -0.000000e+00 0.000000e+00
2.656250e-02 0.000000e+00 6.000000e-03 5.000000e+02 -0.000000e+00 0.000000e+00
2.675781e-02 0.000000e+00 6.000000e-03 5.000000e+02 -0.000000e+00 0.000000e+00
2.695313e-02 0.000000e+00 6.000000e-03 5.000000e+02 -0.000000e+00 0.000000e+00
2.714844e-02 0.000000e+00 6.000000e-03 5.000000e+02 -0.000000e+00 0.000000e+00
2.734375e-02 0.000000e+00 6.000000e-03 5.000000e+02 -0.000000e+00 0.000000e+00
2.753906e-02 0.000000e+00 6.000000e-03 5.000000e+02 -0.000000e+00 0.000000e+00
2.773438e-02 0.000000e+00 6.000000e-03 5.000000e+02 -0.000000e+00 0.000000e+00
2.792969e-02 0.000000e+00 6.000000e-03 5.000000e+02 -0.000000e+00 0.000000e+00
2.812500e-02 0.000000e+00 6.000000e-03 5.000000e+02 -0.000000e+00 0.000000e+00
2.832031e-02 0.000000e+00 6.000000e-03 5.000000e+02 -0.000000e+00 0.000000e+00
2.851563e-02 0.000000e+00 6.000000e-03 5.000000e+02 -0.000000e+00 0.000000e+00
2.871094e-02 0.000000e+00 6.000000e-03 5.000000e+02 -0.000000e+00 0.000000e+00
2.890625e-02 0.000000e+00 6.000000e-03 5.000000e+02 -0.000000e+00 0.000000e+00
2.910156e-02 0.000000e+00 6.000000e-03 5.000000e+02 -0.000000e+00 0.000000e+00
2.929688e-02 0.000000e+00 6.000000e-03 5.000000e+02 -0.000000e+00 0.000000e+00
2.949219e-02 0.000000e+00 6.000000e-03 5.000000e+02 -0.000000e+00 0.000000e+00
2.968750e-02 0.000000e+00 6.000000e-03 5.000000e+02 -0.000000e+00 0.000000e+00
2.988281e-02 0.000000e+00 6.000000e-03 5.000000e+02 -0.000000e+00 0.000000e+00
3.007813e-02 0.000000e+00 6.000000e-03 5.000000e+02 -0.000000e+00 0.000000e+00
3.027344e-02 0.000000e+00 6.000000e-03 5.000000e+02 -0.000000e+00 0.000000e+00
3.046875e-02 0.000000e+00 6.000000e-03 5.000000e+02 -0.000000e+00 0.000000e+00
3.066406e-02 0.000000e+00 6.000000e-03 5.000000e+02 -0.000000e+00 0.000000e+00
3.085938e-02 0.000000e+00 6.000000e-03 5.000000e+02 -0.000000e+00 0.000000e+00
3.105469e-02 0.000000e+00 6.000000e-03 5.000000e+02 -0.000000e+00 0.000000e+00
3.125000e-02 0.000000e+00 6.000000e-03 5.000000e+02 -0.000000e+00 0.000000e+00
3.144531e-02 0.000000e+00 6.000000e-03 5.000000e+02 -0.000000e+00 0.000000e+00
3.164062e-02 0.000000e+00 6.000000e-03 5.000000e+02 -0.000000e+00 0.000000e+00
3.183594e-02 0.000000e+00 6.000000e-03 5.000000e+02 -0.000000e+00 0.000000e+00
3.203125e-02 0.000000e+00 6.000000e-03 5.000000e+02 -0.000000e+00 0.000000e+00
3.222656e-02 0.000000e+00 6.000000e-03 5.000000e+02 -0.000000e+00 0.000000e+00
3.242188e-02 0.000000e+00 6.000000e-03 5.000000e+02 -0.000000e+00 0.000000e+00
3.261719e-02 0.000000e+00 6.000000e-03 5.000000e+02 -0.000000e+00 0.000000e+00
3.281250e-02 0.000000e+00 6.000000e-03 5.000000e+02 -0.000000e+00 0.000000e+00
3.300781e-02 0.000000e+00 6.000000e-03 5.000000e+02 -0.000000e+00 0.000000e+00
3.320312e-02 0.000000e+00 6.000000e-03 5.000000e+02 -0.000000e+00 0.000000e+00
3.339844e-02 0.000000e+00 6.000000e-03 5.000000e+02 -0.000000e+00 0.000000e+00
3.359375e-02 0.000000e+00 6.000000e-03 5.000000e+02 -0.000000e+00 0.000000e+00
3.378906e-02 0.000000e+00 6.000000e-03 5.000000e+02 -0.000000e+00 0.000000e+00
3.398438e-02 0.000000e+00 6.000000e-03 5.000000e+02 -0.000000e+00 0.000000e+00
3.417969e-02 0.000000e+00 6.000000e-03 5.000000e+02 -0.000000e+00 0.000000e+00
3.437500e-02 0.000000e+00 6.000000e-03 5.000000e+02 -0.000000e+00 0.000000e+00
3.457031e-02 0.000000e+00 6.000000e-03 5.000000e+02 -0.000000e+00 0.000000e+00
3.476563e-02 0.000000e+00 6.000000e-03 5.000000e+02 -0.000000e+00 0.000000e+00
3.496094e-02 0.000000e+00 6.000000e-03 5.000000e+02 -0.000000e+00 0.000000e+00
3.515625e-02 0.000000e+00 6.000000e-03 5.000000e+02 -0.000000e+00 0.000000e+00
3.535156e-02 0.000000e+00 6.000000e-03 5.000000e+02 -0.000000e+00 0.000000e+00
3.554687e-02 0.000000e+00 6.000000e-03 5.000000e+02 -0.000000e+00 0.000000e+00
3.574219e-02 0.000000e+00 6.000000e-03 5.000000e+02 -0.000000e+00 0.000000e+00
3.593750e-02 0.000000e+00 6.000000e-03 5.000000e+02 -0.000000e+00 0.000000e+00
3.613281e-02 0.000000e+00 6.000000e-03 5.000000e+02 -0.000000e+00 0.000000e+00
3.632813e-02 0.000000e+00 6.000000e-03 5.000000e+02 -0.000000e+00 0.000000e+00
3.652344e-02 0.000000e+00 6.000000e-03 5.000000e+02 -0.000000e+00 0.000000e+00
3.671875e-02 0.000000e+00 6.000000e-03 5.000000e+02 -0.000000e+00 0.000000e+00
3.691406e-02 0.000000e+00 6.000000e-03 5.000000e+02 -0.000000e+00 0.000000e+00
3.710938e-02 0.000000e+00 6.000000e-03 5.000000e+02 -0.000000e+00 0.000000e+00
3.730469e-02 0.000000e+00 6.000000e-03 5.000000e+02 -0.000000e+00 0.000000e+00
3.750000e-02 0.000000e+00 6.000000e-03 5.000000e+02 -0.000000e+00 0.000000e+00
3.769531e-02 0.000000e+00 6.000000e-03 5.000000e+02 -0.000000e+00 0.000000e+00
3.789063e-02 0.000000e+00 6.000000e-03 5.000000e+02 -0.000000e+00 0.000000e+00
3.808594e-02 0.000000e+00 6.000000e-03 5.000000e+02 -0.000000e+00 0.000000e+00
3.828125e-02 0.000000e+00 6.000000e-03 5.000000e+02 -0.000000e+00 0.000000e+00
3.847656e-02 0.000000e+00 6.000000e-03 5.000000e+02 -0.000000e+00 0.000000e+00
3.867188e-02 0.000000e+00 6.000000e-03 5.000000e+02 -0.000000e+00 0.000000e+00
3.886719e-02 0.000000e+00 6.000000e-03 5.000000e+02 -0.000000e+00 0.000000e+00
3.906250e-02 0.000000e+00 6.000000e-03 5.000000e+02 -0.000000e+00 0.000000e+00
3.925781e-02 0.000000e+00 6.000000e-03 5.000000e+02 -0.000000e+00 0.000000e+00
3.945313e-02 0.000000e+00 6.000000e-03 5.000000e+02 -0.000000e+00 0.000000e+00
3.964844e-02 0.000000e+00 6.000000e-03 5.000000e+02 -0.000000e+00 0.000000e+00
3.984375e-02 0.000000e+00 6.000000e-03 5.000000e+02 -0.000000e+00 0.000000e+00
4.003906e-02 0.000000e+00 6.000000e-03 5.000000e+02 -0.000000e+00 0.000000e+00
4.023438e-02 0.000000e+00 6.000000e-03 5.000000e+02 -0.000000e+00 0.000000e+00
4.042969e-02 0.000000e+00 6.000000e-03 5.000000e+02 -0.000000e+00 0.000000e+00
4.062500e-02 0.000000e+00 6.000000e-03 5.000000e+02 -0.000000e+00 0.000000e+00
4.082031e-02 0.000000e+00 6.000000e-03 5.000000e+02 -0.000000e+00 0.000000e+00
4.101562e-02 0.000000e+00 6.000000e-03 5.000000e+02 -0.000000e+00 0.000000e+00
4.121094e-02 0.000000e+00 6.000000e-03 5.000000e+02 -0.000000e+00 0.000000e+00
4.140625e-02 0.000000e+00 6.000000e-03 5.000000e+02 -0.000000e+00 0.000000e+00
4.160156e-02 0.000000e+00 6.000000e-03 5.000000e+02 -0.000000e+00 0.000000e+00
4.179688e-02 0.000000e+00 6.000000e-03 5.000000e+02 -0.000000e+00 0.000000e+00
4.199219e-02 0.000000e+00 6.000000e-03 5.000000e+02 -0.000000e+00 0.000000e+00
4.218750e-02 0.000000e+00 6.000000e-03 5.000000e+02 -0.000000e+00 0.000000e+00
4.238281e-02 0.000000e+00 6.000000e-03 5.000000e+02 -0.000000e+00 0.000000e+00
4.257813e-02 0.000000e+00 6.000000e-03 5.000000e+02 -0.000000e+00 0.000000e+00
4.277344e-02 0.000000e+00 6.000000e-03 5.000000e+02 -0.000000e+00 0.000000e+00
4.296875e-02 0.000000e+00 6.000000e-03 5.000000e+02 -0.000000e+00 0.000000e+00
4.316406e-02 0.000000e+00 6.000000e-03 5.000000e+02 -0.000000e+00 0.000000e+00
4.335938e-02 0.000000e+00 6.000000e-03 5.000000e+02 -0.000000e+00 0.000000e+00
4.355469e-02 0.000000e+00 6.000000e-03 5.000000e+02 -0.000000e+00 0.000000e+00
4.375000e-02 0.000000e+00 6.000000e-03 5.000000e+02 -0.000000e+00 0.000000e+00
4.394531e-02 0.000000e+00 6.000000e-03 5.000000e+02 -0.000000e+00 0.000000e+00
4.414063e-02 0.000000e+00 6.000000e-03 5.000000e+02 -0.000000e+00 0.000000e+00
4.433594e-02 0.000000e+00 6.000000e-03 5.000000e+02 -0.000000e+00 0.000000e+00
4.453125e-02 0.000000e+00 6.000000e-03 5.000000e+02 -0.000000e+00 0.000000e+00
4.472656e-02 0.000000e+00 6.000000e-03 5.000000e+02 -0.000000e+00 0.000000e+00
4.492188e-02 0.000000e+00 6.000000e-03 5.000000e+02 -0.000000e+00 0.000000e+00
4.511719e-02 0.000000e+00 6.000000e-03 5.000000e+02 -0.000000e+00 0.000000e+00
4.531250e-02 0.000000e+00 6.000000e-03 5.000000e+02 -0.000000e+00 0.000000e+00
4.550781e-02 0.000000e+00 6.000000e-03 5.000000e+02 -0.000000e+00 0.000000e+00
4.570313e-02 0.000000e+00 6.000000e-03 5.000000e+02 -0.000000e+00 0.000000e+00
4.589844e-02 0.000000e+00 6.000000e-03 5.000000e+02 -0.000000e+00 0.000000e+00
4.609375e-02 0.000000e+00 6.000000e-03 5.000000e+02 -0.000000e+00 0.000000e+00
4.628906e-02 0.000000e+00 6.000000e-03 5.000000e+02 -0.000000e+00 0.000000e+00
4.648438e-02 0.000000e+00 6.000000e-03 5.000000e+02 -0.000000e+00 0.000000e+00
4.667969e-02 0.000000e+00 6.000000e-03 5.000000e+02 -0.000000e+00 0.000000e+00
4.687500e-02 0.000000e+00 6.000000e-03 5.000000e+02 -0.000000e+00 0.000000e+00
4.707031e-02 0.000000e+00 6.000000e-03 5.000000e+02 -0.000000e+00 0.000000e+00
4.726563e-02 0.000000e+00 6.000000e-03 5.000000e+02 -0.000000e+00 0.000000e+00
4.746094e-02 0.000000e+00 6.000000e-03 5.000000e+02 -0.000000e+00 0.000000e+00
4.765625e-02 0.000000e+00 6.000000e-03 5.000000e+02 -0.000000e+00 0.000000e+00
4.785156e-02 0.000000e+00 6.000000e-03 5.000000e+02 -0.000000e+00 0.000000e+00
4.804688e-02 0.000000e+00 6.000000e-03 5.000000e+02 -0.000000e+00 0.000000e+00
4.824219e-02 0.000000e+00 6.000000e-03 5.000000e+02 -0.000000e+00 0.000000e+00
4.843750e-02 0.000000e+00 6.000000e-03 5.000000e+02 -0.000000e+00 0.000000e+00
4.863281e-02 0.000000e+00 6.000000e-03 5.000000e+02 -0.000000e+00 0.000000e+00
4.882812e-02 0.000000e+00 6.000000e-03 5.000000e+02 -0.000000e+00 0.000000e+00
4.902344e-02 0.000000e+00 6.000000e-03 5.000000e+02 -0.000000e+00 0.000000e+00
4.921875e-02 0.000000e+00 6.000000e-03 5.000000e+02 -0.000000e+00 0.000000e+00
4.941406e-02 0.000000e+00 6.000000e-03 5.000000e+02 -0.000000e+00 0.000000e+00
4.960938e-02 0.000000e+00 1.308590e-01 5.000000e+02 -0.000000e+00 0.000000e+00
4.980469e-02 1.006912e-10 1.000000e+00 5.000000e+02 -0.000000e+00 0.000000e+00
5.000000e-02 1.660106e-09 1.000000e+00 1.000000e+00 -0.000000e+00 0.000000e+00
5.019531e-02 2.515943e-06 1.000000e+00 1.000000e+00 -0.000000e+00 0.000000e+00
5.039063e-02 5.030225e-06 1.000000e+00 1.000000e+00 -0.000000e+00 0.000000e+00
5.058594e-02 7.544503e-06 1.000000e+00 1.000000e+00 -0.000000e+00 0.000000e+00
5.078125e-02 1.005878e-05 1.000000e+00 1.000000e+00 -0.000000e+00 0.000000e+00
5.097656e-02 1.257305e-05 1.000000e+00 1.000000e+00 -0.000000e+00 0.000000e+00
5.117188e-02 1.508731e-05 1.000000e+00 1.000000e+00 -0.000000e+00 0.000000e+00
5.136719e-02 1.760157e-05 1.000000e+00 1.000000e+00 -0.000000e+00 0.000000e+00
5.156250e-02 2.011581e-05 1.000000e+00 1.000000e+00 -0.000000e+00 0.000000e+00
5.175781e-02 2.263005e-05 1.000000e+00 1.000000e+00 -0.000000e+00 0.000000e+00
5.195313e-02 2.514429e-05 1.000000e+00 1.000000e+00 -0.000000e+00 0.000000e+00
5.214844e-02 2.765851e-05 1.000000e+00 1.000000e+00 -0.000000e+00 0.000000e+00
5.234375e-02 3.017272e-05 1.000000e+00 1.000000e+00 -0.000000e+00 0.000000e+00
5.253906e-02 3.268692e-05 1.000000e+00 1.000000e+00 -0.000000e+00 0.000000e+00
5.273438e-02 3.520110e-05 1.000000e+00 1.000000e+00 -0.000000e+00 0.000000e+00
5.292969e-02 3.771528e-05 1.000000e+00 1.000000e+00 -0.000000e+00 0.000000e+00
5.312500e-02 4.022944e-05 1.000000e+00 1.000000e+00 -0.000000e+00 0.000000e+00
5.332031e-02 4.274358e-05 1.000000e+00 1.000000e+00 -0.000000e+00 0.000000e+00
5.351563e-02 4.525771e-05 1.000000e+00 1.000000e+00 -0.000000e+00 0.000000e+00
5.371094e-02 4.777183e-05 1.000000e+00 1.000000e+00 -0.000000e+00 0.000000e+00
5.390625e-02 5.028592e-05 1.000000e+00 1.000000e+00 -0.000000e+00 0.000000e+00
5.410156e-02 5.280000e-05 1.000000e+00 1.000000e+00 -0.000000e+00 0.000000e+00
5.429688e-02 5.531407e-05 1.000000e+00 1.000000e+00 -0.000000e+00 0.000000e+00
5.449219e-02 5.782811e-05 1.000000e+00 1.000000e+00 -0.000000e+00 0.000000e+00
5.468750e-02 6.034213e-05 1.000000e+00 1.000000e+00 -0.000000e+00 0.000000e+00
5.488281e-02 6.285613e-05 1.000000e+00 1.000000e+00 -0.000000e+00 0.000000e+00
5.507813e-02 6.537011e-05 1.000000e+00 1.000000e+00 -0.000000e+00 0.000000e+00
5.527344e-02 6.788407e-05 1.000000e+00 1.000000e+00 -0.000000e+00 0.000000e+00
5.546875e-02 7.039801e-05 1.000000e+00 1.000000e+00 -0.000000e+00 0.000000e+00
5.566406e-02 7.291192e-05 1.000000e+00 1.000000e+00 -0.000000e+00 0.000000e+00
5.585938e-02 7.542581e-05 1.000000e+00 1.000000e+00 -0.000000e+00 0.000000e+00
5.605469e-02 7.793968e-05 1.000000e+00 1.000000e+00 -0.000000e+00 0.000000e+00
5.625000e-02 8.045352e-05 1.000000e+00 1.000000e+00 -0.000000e+00 0.000000e+00
5.644531e-02 8.296733e-05 1.000000e+00 1.000000e+00 -0.000000e+00 0.000000e+00
5.664062e-02 8.548111e-05 1.000000e+00 1.000000e+00 -0.000000e+00 0.000000e+00
5.683594e-02 8.799487e-05 1.000000e+00 1.000000e+00 -0.000000e+00 0.000000e+00
5.703125e-02 9.050860e-05 1.000000e+00 1.000000e+00 -0.000000e+00 0.000000e+00
5.722656e-02 9.302230e-05 1.000000e+00 1.000000e+00 -0.000000e+00 0.000000e+00
5.742188e-02 9.553597e-05 1.000000e+00 1.000000e+00 -0.000000e+00 0.000000e+00
5.761719e-02 9.804961e-05 1.000000e+00 1.000000e+00 -0.000000e+00 0.000000e+00
5.781250e-02 1.005632e-04 1.000000e+00 1.000000e+00 -0.000000e+00 0.000000e+00
5.800781e-02 1.030768e-04 1.000000e+00 1.000000e+00 -0.000000e+00 0.000000e+00
5.820313e-02 1.055903e-04 1.000000e+00 1.000000e+00 -0.000000e+00 0.000000e+00
5.839844e-02 1.081038e-04 1.000000e+00 1.000000e+00 -0.000000e+00 0.000000e+00
5.859375e-02 1.106173e-04 1.000000e+00 1.000000e+00 -0.000000e+00 0.000000e+00
5.878906e-02 1.131308e-04 1.000000e+00 1.000000e+00 -0.000000e+00 0.000000e+00
5.898438e-02 1.156442e-04 1.000000e+00 1.000000e+00 -0.000000e+00 0.000000e+00
5.917969e-02 1.181575e-04 1.000000e+00 1.000000e+00 -0.000000e+00 0.000000e+00
5.937500e-02 1.206709e-04 1.000000e+00 1.000000e+00 -0.000000e+00 0.000000e+00
5.957031e-02 1.231842e-04 1.000000e+00 1.000000e+00 -0.000000e+00 0.000000e+00
5.976563e-02 1.256974e-04 1.000000e+00 1.000000e+00 -0.000000e+00 0.000000e+00
5.996094e-02 1.282106e-04 1.000000e+00 1.000000e+00 -0.000000e+00 0.000000e+00
6.015625e-02 1.307238e-04 1.000000e+00 1.000000e+00 -0.000000e+00 0.000000e+00
6.035156e-02 1.332369e-04 1.000000e+00 1.000000e+00 -0.000000e+00 0.000000e+00
6.054688e-02 1.357500e-04 1.000000e+00 1.000000e+00 -0.000000e+00 0.000000e+00
6.074219e-02 1.382631e-04 1.000000e+00 1.000000e+00 -0.000000e+00 0.000000e+00
6.093750e-02 1.407761e-04 1.000000e+00 1.000000e+00 -0.000000e+00 0.000000e+00
6.113281e-02 1.432890e-04 1.000000e+00 1.000000e+00 -0.000000e+00 0.000000e+00
6.132813e-02 1.458019e-04 1.000000e+00 1.000000e+00 -0.000000e+00 0.000000e+00
6.152344e-02 1.483148e-04 1.000000e+00 1.000000e+00 -0.000000e+00 0.000000e+00
6.171875e-02 1.508276e-04 1.000000e+00 1.000000e+00 -0.000000e+00 0.000000e+00
6.191406e-02 1.533404e-04 1.000000e+00 1.000000e+00 -0.000000e+00 0.000000e+00
6.210938e-02 1.558531e-04 1.000000e+00 1.000000e+00 -0.000000e+00 0.000000e+00
6.230469e-02 1.583658e-04 1.000000e+00 1.000000e+00 -0.000000e+00 0.000000e+00
6.250000e-02 1.608785e-04 1.000000e+00 1.000000e+00 -0.000000e+00 0.000000e+00
6.269531e-02 1.633910e-04 1.000000e+00 1.000000e+00 -0.000000e+00 0.000000e+00
6.289063e-02 1.659036e-04 1.000000e+00 1.000000e+00 -0.000000e+00 0.000000e+00
6.308594e-02 1.684161e-04 1.000000e+00 1.000000e+00 -0.000000e+00 0.000000e+00
6.328125e-02 1.709285e-04 1.000000e+00 1.000000e+00 -0.000000e+00 0.000000e+00
6.347656e-02 1.734409e-04 1.000000e+00 1.000000e+00 -0.000000e+00 0.000000e+00
6.367188e-02 1.759532e-04 1.000000e+00 1.000000e+00 -0.000000e+00 0.000000e+00
6.386719e-02 1.784655e-04 1.000000e+00 1.000000e+00 -0.000000e+00 0.000000e+00
6.406250e-02 1.809777e-04 1.000000e+00 1.000000e+00 -0.000000e+00 0.000000e+00
6.425781e-02 1.834898e-04 1.000000e+00 1.000000e+00 -0.000000e+00 0.000000e+00
6.445312e-02 1.860019e-04 1.000000e+00 1.000000e+00 -0.000000e+00 0.000000e+00
6.464844e-02 1.885140e-04 1.000000e+00 1.000000e+00 -0.000000e+00 0.000000e+00
6.484375e-02 1.910260e-04 1.000000e+00 1.000000e+00 -0.000000e+00 0.000000e+00
6.503906e-02 1.935379e-04 1.000000e+00 1.000000e+00 -0.000000e+00 0.000000e+00
6.523437e-02 1.960497e-04 1.000000e+00 1.000000e+00 -0.000000e+00 0.000000e+00
6.542969e-02 1.985616e-04 1.000000e+00 1.000000e+00 -0.000000e+00 0.000000e+00
6.562500e-02 2.010733e-04 1.000000e+00 1.000000e+00 -0.000000e+00 0.000000e+00
6.582031e-02 2.035850e-04 1.000000e+00 1.000000e+00 -0.000000e+00 0.000000e+00
6.601563e-02 2.060966e-04 1.000000e+00 1.000000e+00 -0.000000e+00 0.000000e+00
6.621094e-02 2.086082e-04 1.000000e+00 1.000000e+00 -0.000000e+00 0.000000e+00
6.640625e-02 2.111196e-04 1.000000e+00 1.000000e+00 -0.000000e+00 0.000000e+00
6.660156e-02 2.136311e-04 1.000000e+00 1.000000e+00 -0.000000e+00 0.000000e+00
6.679688e-02 2.161424e-04 1.000000e+00 1.000000e+00 -0.000000e+00 0.000000e+00
6.699219e-02 2.186537e-04 1.000000e+00 1.000000e+00 -0.000000e+00 0.000000e+00
6.718750e-02 2.211649e-04 1.000000e+00 1.000000e+00 -0.000000e+00 0.000000e+00
6.738281e-02 2.236761e-04 1.000000e+00 1.000000e+00 -0.000000e+00 0.000000e+00
6.757813e-02 2.261872e-04 1.000000e+00 1.000000e+00 -0.000000e+00 0.000000e+00
6.777344e-02 2.286982e-04 1.000000e+00 1.000000e+00 -0.000000e+00 0.000000e+00
6.796875e-02 2.312092e-04 1.000000e+00 1.000000e+00 -0.000000e+00 0.000000e+00
6.816406e-02 2.337200e-04 1.000000e+00 1.000000e+00 -0.000000e+00 0.000000e+00
6.835938e-02 2.362308e-04 1.000000e+00 1.000000e+00 -0.000000e+00 0.000000e+00
6.855469e-02 2.387416e-04 1.000000e+00 1.000000e+00 -0.000000e+00 0.000000e+00
6.875000e-02 2.412522e-04 1.000000e+00 1.000000e+00 -0.000000e+00 0.000000e+00
6.894531e-02 2.437628e-04 1.000000e+00 1.000000e+00 -0.000000e+00 0.000000e+00
6.914062e-02 2.462733e-04 1.000000e+00 1.000000e+00 -0.000000e+00 0.000000e+00
6.933594e-02 2.487837e-04 1.000000e+00 1.000000e+00 -0.000000e+00 0.000000e+00
6.953125e-02 2.512941e-04 1.000000e+00 1.000000e+00 -0.000000e+00 0.000000e+00
6.972656e-02 2.538043e-04 1.000000e+00 1.000000e+00 -0.000000e+00 0.000000e+00
6.992188e-02 2.563145e-04 1.000000e+00 1.000000e+00 -0.000000e+00 0.000000e+00
7.011719e-02 2.588246e-04 1.000000e+00 1.000000e+00 -0.000000e+00 0.000000e+00
7.031250e-02 2.613346e-04 1.000000e+00 1.000000e+00 -0.000000e+00 0.000000e+00
7.050781e-02 2.638446e-04 1.000000e+00 1.000000e+00 -0.000000e+00 0.000000e+00
7.070313e-02 2.663544e-04 1.000000e+00 1.000000e+00 -0.000000e+00 0.000000e+00
7.089844e-02 2.688642e-04 1.000000e+00 1.000000e+00 -0.000000e+00 0.000000e+00
7.109375e-02 2.713739e-04 1.000000e+00 1.000000e+00 -0.000000e+00 0.000000e+00
7.128906e-02 2.738835e-04 1.000000e+00 1.000000e+00 -0.000000e+00 0.000000e+00
7.148438e-02 2.763930e-04 1.000000e+00 1.000000e+00 -0.000000e+00 0.000000e+00
7.167969e-02 2.789024e-04 1.000000e+00 1.000000e+00 -0.000000e+00 0.000000e+00
7.187500e-02 2.814117e-04 1.000000e+00 1.000000e+00 -0.000000e+00 0.000000e+00
7.207031e-02 2.839210e-04 1.000000e+00 1.000000e+00 -0.000000e+00 0.000000e+00
7.226562e-02 2.864301e-04 1.000000e+00 1.000000e+00 -0.000000e+00 0.000000e+00
7.246094e-02 2.889391e-04 1.000000e+00 1.000000e+00 -0.000000e+00 0.000000e+00
7.265625e-02 2.914481e-04 1.000000e+00 1.000000e+00 -0.000000e+00 0.000000e+00
7.285156e-02 2.939570e-04 1.000000e+00 1.000000e+00 -0.000000e+00 0.000000e+00
7.304687e-02 2.964657e-04 1.000000e+00 1.000000e+00 -0.000000e+00 0.000000e+00
7.324219e-02 2.989744e-04 1.000000e+00 1.000000e+00 -0.000000e+00 0.000000e+00
7.343750e-02 3.014829e-04 1.000000e+00 1.000000e+00 -0.000000e+00 0.000000e+00
7.363281e-02 3.039914e-04 1.000000e+00 1.000000e+00 -0.000000e+00 0.000000e+00
7.382813e-02 3.064998e-04 1.000000e+00 1.000000e+00 -0.000000e+00 0.000000e+00
7.402344e-02 3.090080e-04 1.000000e+00 1.000000e+00 -0.000000e+00 0.000000e+00
7.421875e-02 3.115162e-04 1.000000e+00 1.000000e+00 -0.000000e+00 0.000000e+00
7.441406e-02 3.140242e-04 1.000000e+00 1.000000e+00 -0.000000e+00 0.000000e+00
7.460938e-02 3.165322e-04 1.000000e+00 1.000000e+00 -0.000000e+00 0.000000e+00
7.480469e-02 3.190400e-04 1.000000e+00 1.000000e+00 -0.000000e+00 0.000000e+00
7.500000e-02 3.215477e-04 1.000000e+00 1.000000e+00 -0.000000e+00 0.000000e+00
7.519531e-02 3.240553e-04 1.000000e+00 1.000000e+00 -0.000000e+00 0.000000e+00
7.539063e-02 3.265628e-04 1.000000e+00 1.000000e+00 -0.000000e+00 0.000000e+00
7.558594e-02 3.290702e-04 1.000000e+00 1.000000e+00 -0.000000e+00 0.000000e+00
7.578125e-02 3.315775e-04 1.000000e+00 1.000000e+00 -0.000000e+00 0.000000e+00
7.597656e-02 3.340846e-04 1.000000e+00 1.000000e+00 -0.000000e+00 0.000000e+00
7.617188e-02 3.365917e-04 1.000000e+00 1.000000e+00 -0.000000e+00 0.000000e+00
7.636719e-02 3.390986e-04 1.000000e+00 1.000000e+00 -0.000000e+00 0.000000e+00
7.656250e-02 3.416054e-04 1.000000e+00 1.000000e+00 -0.000000e+00 0.000000e+00
7.675781e-02 3.441120e-04 1.000000e+00 1.000000e+00 -0.000000e+00 0.000000e+00
7.695313e-02 3.466186e-04 1.000000e+00 1.000000e+00 -0.000000e+00 0.000000e+00
7.714844e-02 3.491250e-04 1.000000e+00 1.000000e+00 -0.000000e+00 0.000000e+00
7.734375e-02 3.516313e-04 1.000000e+00 1.000000e+00 -0.000000e+00 0.000000e+00
7.753906e-02 3.541374e-04 1.000000e+00 1.000000e+00 -0.000000e+00 0.000000e+00
7.773438e-02 3.566434e-04 1.000000e+00 1.000000e+00 -0.000000e+00 0.000000e+00
7.792969e-02 3.591493e-04 1.000000e+00 1.000000e+00 -0.000000e+00 0.000000e+00
7.812500e-02 3.616551e-04 1.000000e+00 1.000000e+00 -0.000000e+00 0.000000e+00
7.832031e-02 3.641607e-04 1.000000e+00 1.000000e+00 -0.000000e+00 0.000000e+00
7.851563e-02 3.666662e-04 1.000000e+00 1.000000e+00 -0.000000e+00 0.000000e+00
7.871094e-02 3.691715e-04 1.000000e+00 1.000000e+00 -0.000000e+00 0.000000e+00
7.890625e-02 3.716767e-04 1.000000e+00 1.000000e+00 -0.000000e+00 0.000000e+00
7.910156e-02 3.741818e-04 1.000000e+00 1.000000e+00 -0.000000e+00 0.000000e+00
7.929688e-02 3.766867e-04 1.000000e+00 1.000000e+00 -0.000000e+00 0.000000e+00
7.949219e-02 3.791914e-04 1.000000e+00 1.000000e+00 -0.000000e+00 0.000000e+00
7.968750e-02 3.816960e-04 1.000000e+00 1.000000e+00 -0.000000e+00 0.000000e+00
7.988281e-02 3.842005e-04 1.000000e+00 1.000000e+00 -0.000000e+00 0.000000e+00
8.007812e-02 3.867048e-04 1.000000e+00 1.000000e+00 -0.000000e+00 0.000000e+00
8.027344e-02 3.892089e-04 1.000000e+00 1.000000e+00 -0.000000e+00 0.000000e+00
8.046875e-02 3.917129e-04 1.000000e+00 1.000000e+00 -0.000000e+00 0.000000e+00
8.066406e-02 3.942167e-04 1.000000e+00 1.000000e+00 -0.000000e+00 0.000000e+00
8.085938e-02 3.967204e-04 1.000000e+00 1.000000e+00 -0.000000e+00 0.000000e+00
8.105469e-02 3.992239e-04 1.000000e+00 1.000000e+00 -0.000000e+00 0.000000e+00
8.125000e-02 4.017272e-04 1.000000e+00 1.000000e+00 -0.000000e+00 0.000000e+00
8.144531e-02 4.042304e-04 1.000000e+00 1.000000e+00 -0.000000e+00 0.000000e+00
8.164063e-02 4.067334e-04 1.000000e+00 1.000000e+00 -0.000000e+00 0.000000e+00
8.183594e-02 4.092362e-04 1.000000e+00 1.000000e+00 -0.000000e+00 0.000000e+00
8.203125e-02 4.117388e-04 1.000000e+00 1.000000e+00 -0.000000e+00 0.000000e+00
8.222656e-02 4.142413e-04 1.000000e+00 1.000000e+00 -0.000000e+00 0.000000e+00
8.242188e-02 4.167436e-04 1.000000e+00 1.000000e+00 -0.000000e+00 0.000000e+00
8.261719e-02 4.192457e-04 1.000000e+00 1.000000e+00 -0.000000e+00 0.000000e+00
8.281250e-02 4.217476e-04 1.000000e+00 1.000000e+00 -0.000000e+00 0.000000e+00
8.300781e-02 4.242493e-04 1.000000e+00 1.000000e+00 -0.000000e+00 0.000000e+00
8.320313e-02 4.267509e-04 1.000000e+00 1.000000e+00 -0.000000e+00 0.000000e+00
8.339844e-02 4.292522e-04 1.000000e+00 1.000000e+00 -0.000000e+00 0.000000e+00
8.359375e-02 4.317534e-04 1.000000e+00 1.000000e+00 -0.000000e+00 0.000000e+00
8.378906e-02 4.342543e-04 1.000000e+00 1.000000e+00 -0.000000e+00 0.000000e+00
8.398438e-02 4.367551e-04 1.000000e+00 1.000000e+00 -0.000000e+00 0.000000e+00
8.417969e-02 4.392556e-04 1.000000e+00 1.000000e+00 -0.000000e+00 0.000000e+00
8.437500e-02 4.417560e-04 1.000000e+00 1.000000e+00 -0.000000e+00 0.000000e+00
8.457031e-02 4.442561e-04 1.000000e+00 1.000000e+00 -0.000000e+00 0.000000e+00
8.476563e-02 4.467560e-04 1.000000e+00 1.000000e+00 -0.000000e+00 0.000000e+00
8.496094e-02 4.492558e-04 1.000000e+00 1.000000e+00 -0.000000e+00 0.000000e+00
8.515625e-02 4.517553e-04 1.000000e+00 1.000000e+00 -0.000000e+00 0.000000e+00
8.535156e-02 4.542546e-04 1.000000e+00 1.000000e+00 -0.000000e+00 0.000000e+00
8.554688e-02 4.567536e-04 1.000000e+00 1.000000e+00 -0.000000e+00 0.000000e+00
8.574219e-02 4.592525e-04 1.000000e+00 1.000000e+00 -0.000000e+00 0.000000e+00
8.593750e-02 4.617511e-04 1.000000e+00 1.000000e+00 -0.000000e+00 0.000000e+00
8.613281e-02 4.642495e-04 1.000000e+00 1.000000e+00 -0.000000e+00 0.000000e+00
8.632813e-02 4.667477e-04 1.000000e+00 1.000000e+00 -0.000000e+00 0.000000e+00
8.652344e-02 4.692456e-04 1.000000e+00 1.000000e+00 -0.000000e+00 0.000000e+00
8.671875e-02 4.717433e-04 1.000000e+00 1.000000e+00 -0.000000e+00 0.000000e+00
8.691406e-02 4.742407e-04 1.000000e+00 1.000000e+00 -0.000000e+00 0.000000e+00
8.710938e-02 4.767380e-04 1.000000e+00 1.000000e+00 -0.000000e+00 0.000000e+00
8.730469e-02 4.792349e-04 1.000000e+00 1.000000e+00 -0.000000e+00 0.000000e+00
8.750000e-02 4.817317e-04 1.000000e+00 1.000000e+00 -0.000000e+00 0.000000e+00
8.769531e-02 4.842282e-04 1.000000e+00 1.000000e+00 -0.000000e+00 0.000000e+00
8.789062e-02 4.867244e-04 1.000000e+00 1.000000e+00 -0.000000e+00 0.000000e+00
8.808594e-02 4.892204e-04 1.000000e+00 1.000000e+00 -0.000000e+00 0.000000e+00
8.828125e-02 4.917161e-04 1.000000e+00 1.000000e+00 -0.000000e+00 0.000000e+00
8.847656e-02 4.942116e-04 1.000000e+00 1.000000e+00 -0.000000e+00 0.000000e+00
8.867188e-02 4.967068e-04 1.000000e+00 1.000000e+00 -0.000000e+00 0.000000e+00
8.886719e-02 4.992018e-04 1.000000e+00 1.000000e+00 -0.000000e+00 0.000000e+00
8.906250e-02 5.016965e-04 1.000000e+00 1.000000e+00 -0.000000e+00 0.000000e+00
8.925781e-02 5.041909e-04 1.000000e+00 1.000000e+00 -0.000000e+00 0.000000e+00
8.945313e-02 5.066850e-04 1.000000e+00 1.000000e+00 -0.000000e+00 0.000000e+00
8.964844e-02 5.091789e-04 1.000000e+00 1.000000e+00 -0.000000e+00 0.000000e+00
8.984375e-02 5.116725e-04 1.000000e+00 1.000000e+00 -0.000000e+00 0.000000e+00
9.003906e-02 5.141659e-04 1.000000e+00 1.000000e+00 -0.000000e+00 0.000000e+00
9.023438e-02 5.166589e-04 1.000000e+00 1.000000e+00 -0.000000e+00 0.000000e+00
9.042969e-02 5.191517e-04 1.000000e+00 1.000000e+00 -0.000000e+00 0.000000e+00
9.062500e-02 5.216442e-04 1.000000e+00 1.000000e+00 -0.000000e+00 0.000000e+00
9.082031e-02 5.241364e-04 1.000000e+00 1.000000e+00 -0.000000e+00 0.000000e+00
9.101563e-02 5.266284e-04 1.000000e+00 1.000000e+00 -0.000000e+00 0.000000e+00
9.121094e-02 5.291200e-04 1.000000e+00 1.000000e+00 -0.000000e+00 0.000000e+00
9.140625e-02 5.316114e-04 1.000000e+00 1.000000e+00 -0.000000e+00 0.000000e+00
9.160156e-02 5.341025e-04 1.000000e+00 1.000000e+00 -0.000000e+00 0.000000e+00
9.179688e-02 5.365933e-04 1.000000e+00 1.000000e+00 -0.000000e+00 0.000000e+00
9.199219e-02 5.390838e-04 1.000000e+00 1.000000e+00 -0.000000e+00 0.000000e+00
9.218750e-02 5.415740e-04 1.000000e+00 1.000000e+00 -0.000000e+00 0.000000e+00
9.238281e-02 5.440639e-04 1.000000e+00 1.000000e+00 -0.000000e+00 0.000000e+00
9.257813e-02 5.465535e-04 1.000000e+00 1.000000e+00 -0.000000e+00 0.000000e+00
9.277344e-02 5.490428e-04 1.000000e+00 1.000000e+00 -0.000000e+00 0.000000e+00
9.296875e-02 5.515318e-04 1.000000e+00 1.000000e+00 -0.000000e+00 0.000000e+00
9.316406e-02 5.540206e-04 1.000000e+00 1.000000e+00 -0.000000e+00 0.000000e+00
9.335938e-02 5.565090e-04 1.000000e+00 1.000000e+00 -0.000000e+00 0.000000e+00
9.355469e-02 5.589971e-04 1.000000e+00 1.000000e+00 -0.000000e+00 0.000000e+00
9.375000e-02 5.614849e-04 1.000000e+00 1.000000e+00 -0.000000e+00 0.000000e+00
9.394531e-02 5.639724e-04 1.000000e+00 1.000000e+00 -0.000000e+00 0.000000e+00
9.414063e-02 5.664597e-04 1.000000e+00 1.000000e+00 -0.000000e+00 0.000000e+00
9.433594e-02 5.689466e-04 1.000000e+00 1.000000e+00 -0.000000e+00 0.000000e+00
9.453125e-02 5.714332e-04 1.000000e+00 1.000000e+00 -0.000000e+00 0.000000e+00
9.472656e-02 5.739195e-04 1.000000e+00 1.000000e+00 -0.000000e+00 0.000000e+00
9.492188e-02 5.764055e-04 1.000000e+00 1.000000e+00 -0.000000e+00 0.000000e+00
9.511719e-02 5.788912e-04 1.000000e+00 1.000000e+00 -0.000000e+00 0.000000e+00
9.531250e-02 5.813766e-04 1.000000e+00 1.000000e+00 -0.000000e+00 0.000000e+00
9.550781e-02 5.838618e-04 1.000000e+00 1.000000e+00 -0.000000e+00 0.000000e+00
9.570312e-02 5.863466e-04 1.000000e+00 1.000000e+00 -0.000000e+00 0.000000e+00
9.589844e-02 5.888311e-04 1.000000e+00 1.000000e+00 -0.000000e+00 0.000000e+00
9.609375e-02 5.913153e-04 1.000000e+00 1.000000e+00 -0.000000e+00 0.000000e+00
9.628906e-02 5.937992e-04 1.000000e+00 1.000000e+00 -0.000000e+00 0.000000e+00
9.648438e-02 5.962828e-04 1.000000e+00 1.000000e+00 -0.000000e+00 0.000000e+00
9.667969e-02 5.987661e-04 1.000000e+00 1.000000e+00 -0.000000e+00 0.000000e+00
9.687500e-02 6.012491e-04 1.000000e+00 1.000000e+00 -0.000000e+00 0.000000e+00
9.707031e-02 6.037319e-04 1.000000e+00 1.000000e+00 -0.000000e+00 0.000000e+00
9.726563e-02 6.062143e-04 1.000000e+00 1.000000e+00 -0.000000e+00 0.000000e+00
9.746094e-02 6.086965e-04 1.000000e+00 1.000000e+00 -0.000000e+00 0.000000e+00
9.765625e-02 6.111784e-04 1.000000e+00 1.000000e+00 -0.000000e+00 0.000000e+00
9.785156e-02 6.136600e-04 1.000000e+00 1.000000e+00 -0.000000e+00 0.000000e+00
9.804688e-02 6.161413e-04 1.000000e+00 1.000000e+00 -0.000000e+00 0.000000e+00
9.824219e-02 6.186224e-04 1.000000e+00 1.000000e+00 -0.000000e+00 0.000000e+00
9.843750e-02 6.211032e-04 1.000000e+00 1.000000e+00 -0.000000e+00 0.000000e+00
9.863281e-02 6.235837e-04 1.000000e+00 1.000000e+00 -0.000000e+00 0.000000e+00
9.882813e-02 6.260640e-04 1.000000e+00 1.000000e+00 -0.000000e+00 0.000000e+00
9.902344e-02 6.285441e-04 1.000000e+00 1.000000e+00 -0.000000e+00 0.000000e+00
9.921875e-02 6.310239e-04 1.000000e+00 1.000000e+00 -0.000000e+00 0.000000e+00
9.941406e-02 6.335035e-04 1.000000e+00 1.000000e+00 -0.000000e+00 0.000000e+00
9.960938e-02 6.359829e-04 1.000000e+00 1.000000e+00 -0.000000e+00 0.000000e+00
9.980469e-02 6.384620e-04 1.000000e+00 1.000000e+00 -0.000000e+00 0.000000e+00
1.000000e-01 6.409410e-04 1.000000e+00 1.000000e+00 -0.000000e+00 0.000000e+00
1.001953e-01 6.434199e-04 1.000000e+00 1.000000e+00 -0.000000e+00 0.000000e+00
1.003906e-01 6.458983e-04 1.000000e+00 1.000000e+00 -0.000000e+00 0.000000e+00
1.005859e-01 6.483765e-04 1.000000e+00 1.000000e+00 -0.000000e+00 0.000000e+00
1.007813e-01 6.508544e-04 1.000000e+00 1.000000e+00 -0.000000e+00 0.000000e+00
1.009766e-01 6.533321e-04 1.000000e+00 1.000000e+00 -0.000000e+00 0.000000e+00
1.011719e-01 6.558095e-04 1.000000e+00 1.000000e+00 -0.000000e+00 0.000000e+00
1.013672e-01 6.582868e-04 1.000000e+00 1.000000e+00 -0.000000e+00 0.000000e+00
1.015625e-01 6.607637e-04 1.000000e+00 1.000000e+00 -0.000000e+00 0.000000e+00
1.017578e-01 6.632405e-04 1.000000e+00 1.000000e+00 -0.000000e+00 0.000000e+00
1.019531e-01 6.657170e-04 1.000000e+00 1.000000e+00 -0.000000e+00 0.000000e+00
1.021484e-01 6.681934e-04 1.000000e+00 1.000000e+00 -0.000000e+00 0.000000e+00
1.023438e-01 6.706695e-04 1.000000e+00 1.000000e+00 -0.000000e+00 0.000000e+00
1.025391e-01 6.731455e-04 1.000000e+00 1.000000e+00 -0.000000e+00 0.000000e+00
1.027344e-01 6.756213e-04 1.000000e+00 1.000000e+00 -0.000000e+00 0.000000e+00
1.029297e-01 6.780969e-04 1.000000e+00 1.000000e+00 -0.000000e+00 0.000000e+00
1.031250e-01 6.805724e-04 1.000000e+00 1.000000e+00 -0.000000e+00 0.000000e+00
1.033203e-01 6.830477e-04 1.000000e+00 1.000000e+00 -0.000000e+00 0.000000e+00
1.035156e-01 6.855229e-04 1.000000e+00 1.000000e+00 -0.000000e+00 0.000000e+00
1.037109e-01 6.879979e-04 1.000000e+00 1.000000e+00 -0.000000e+00 0.000000e+00
1.039063e-01 6.904729e-04 1.000000e+00 1.000000e+00 -0.000000e+00 0.000000e+00
1.041016e-01 6.929477e-04 1.000000e+00 1.000000e+00 -0.000000e+00 0.000000e+00
1.042969e-01 6.954224e-04 1.000000e+00 1.000000e+00 -0.000000e+00 0.000000e+00
1.044922e-01 6.978970e-04 1.000000e+00 1.000000e+00 -0.000000e+00 0.000000e+00
1.046875e-01 7.003715e-04 1.000000e+00 1.000000e+00 -0.000000e+00 0.000000e+00
1.048828e-01 7.028459e-04 1.000000e+00 1.000000e+00 -0.000000e+00 0.000000e+00
1.050781e-01 7.053203e-04 1.000000e+00 1.000000e+00 -0.000000e+00 0.000000e+00
1.052734e-01 7.077946e-04 1.000000e+00 1.000000e+00 -0.000000e+00 0.000000e+00
1.054688e-01 7.102688e-04 1.000000e+00 1.000000e+00 -0.000000e+00 0.000000e+00
1.056641e-01 7.127431e-04 1.000000e+00 1.000000e+00 -0.000000e+00 0.000000e+00
1.058594e-01 7.152172e-04 1.000000e+00 1.000000e+00 -0.000000e+00 0.000000e+00
1.060547e-01 7.176914e-04 1.000000e+00 1.000000e+00 -0.000000e+00 0.000000e+00
1.062500e-01 7.201655e-04 1.000000e+00 1.000000e+00 -0.000000e+00 0.000000e+00
1.064453e-01 7.226397e-04 1.000000e+00 1.000000e+00 -0.000000e+00 0.000000e+00
1.066406e-01 7.251138e-04 1.000000e+00 1.000000e+00 -0.000000e+00 0.000000e+00
1.068359e-01 7.275880e-04 1.000000e+00 1.000000e+00 -0.000000e+00 0.000000e+00
1.070313e-01 7.300621e-04 1.000000e+00 1.000000e+00 -0.000000e+00 0.000000e+00
1.072266e-01 7.325364e-04 1.000000e+00 1.000000e+00 -0.000000e+00 0.000000e+00
1.074219e-01 7.350106e-04 1.000000e+00 1.000000e+00 -0.000000e+00 0.000000e+00
1.076172e-01 7.374849e-04 1.000000e+00 1.000000e+00 -0.000000e+00 0.000000e+00
1.078125e-01 7.399593e-04 1.000000e+00 1.000000e+00 -0.000000e+00 0.000000e+00
1.080078e-01 7.424338e-04 1.000000e+00 1.000000e+00 -0.000000e+00 0.000000e+00
1.082031e-01 7.449083e-04 1.000000e+00 1.000000e+00 -0.000000e+00 0.000000e+00
1.083984e-01 7.473830e-04 1.000000e+00 1.000000e+00 -0.000000e+00 0.000000e+00
1.085938e-01 7.498577e-04 1.000000e+00 1.000000e+00 -0.000000e+00 0.000000e+00
1.087891e-01 7.523326e-04 1.000000e+00 1.000000e+00 -0.000000e+00 0.000000e+00
1.089844e-01 7.548076e-04 1.000000e+00 1.000000e+00 -0.000000e+00 0.000000e+00
1.091797e-01 7.572827e-04 1.000000e+00 1.000000e+00 -0.000000e+00 0.000000e+00
1.093750e-01 7.597580e-04 1.000000e+00 1.000000e+00 -0.000000e+00 0.000000e+00
1.095703e-01 7.622335e-04 1.000000e+00 1.000000e+00 -0.000000e+00 0.000000e+00
1.097656e-01 7.647091e-04 1.000000e+00 1.000000e+00 -0.000000e+00 0.000000e+00
1.099609e-01 7.671849e-04 1.000000e+00 1.000000e+00 -0.000000e+00 0.000000e+00
1.101563e-01 7.696608e-04 1.000000e+00 1.000000e+00 -0.000000e+00 0.000000e+00
1.103516e-01 7.721370e-04 1.000000e+00 1.000000e+00 -0.000000e+00 0.000000e+00
1.105469e-01 7.746134e-04 1.000000e+00 1.000000e+00 -0.000000e+00 0.000000e+00
1.107422e-01 7.770900e-04 1.000000e+00 1.000000e+00 -0.000000e+00 0.000000e+00
1.109375e-01 7.795669e-04 1.000000e+00 1.000000e+00 -0.000000e+00 0.000000e+00
1.111328e-01 7.820439e-04 1.000000e+00 1.000000e+00 -0.000000e+00 0.000000e+00
1.113281e-01 7.845213e-04 1.000000e+00 1.000000e+00 -0.000000e+00 0.000000e+00
1.115234e-01 7.869989e-04 1.000000e+00 1.000000e+00 -0.000000e+00 0.000000e+00
1.117188e-01 7.894767e-04 1.000000e+00 1.000000e+00 -0.000000e+00 0.000000e+00
1.119141e-01 7.919549e-04 1.000000e+00 1.000000e+00 -0.000000e+00 0.000000e+00
1.121094e-01 7.944333e-04 1.000000e+00 1.000000e+00 -0.000000e+00 0.000000e+00
1.123047e-01 7.969120e-04 1.000000e+00 1.000000e+00 -0.000000e+00 0.000000e+00
1.125000e-01 7.993910e-04 1.000000e+00 1.000000e+00 -0.000000e+00 0.000000e+00
1.126953e-01 8.018704e-04 1.000000e+00 1.000000e+00 -0.000000e+00 0.000000e+00
1.128906e-01 8.043501e-04 1.000000e+00 1.000000e+00 -0.000000e+00 0.000000e+00
1.130859e-01 8.068301e-04 1.000000e+00 1.000000e+00 -0.000000e+00 0.000000e+00
1.132812e-01 8.093104e-04 1.000000e+00 1.000000e+00 -0.000000e+00 0.000000e+00
1.134766e-01 8.117911e-04 1.000000e+00 1.000000e+00 -0.000000e+00 0.000000e+00
1.136719e-01 8.142722e-04 1.000000e+00 1.000000e+00 -0.000000e+00 0.000000e+00
1.138672e-01 8.167536e-04 1.000000e+00 1.000000e+00 -0.000000e+00 0.000000e+00
1.140625e-01 8.192354e-04 1.000000e+00 1.000000e+00 -0.000000e+00 0.000000e+00
1.142578e-01 8.217175e-04 1.000000e+00 1.000000e+00 -0.000000e+00 0.000000e+00
1.144531e-01 8.242001e-04 1.000000e+00 1.000000e+00 -0.000000e+00 0.000000e+00
1.146484e-01 8.266830e-04 1.000000e+00 1.000000e+00 -0.000000e+00 0.000000e+00
1.148438e-01 8.291664e-04 1.000000e+00 1.000000e+00 -0.000000e+00 0.000000e+00
1.150391e-01 8.316501e-04 1.000000e+00 1.000000e+00 -0.000000e+00 0.000000e+00
1.152344e-01 8.341343e-04 1.000000e+00 1.000000e+00 -0.000000e+00 0.000000e+00
1.154297e-01 8.366189e-04 1.000000e+00 1.000000e+00 -0.000000e+00 0.000000e+00
1.156250e-01 8.391039e-04 1.000000e+00 1.000000e+00 -0.000000e+00 0.000000e+00
1.158203e-01 8.415893e-04 1.000000e+00 1.000000e+00 -0.000000e+00 0.000000e+00
1.160156e-01 8.440752e-04 1.000000e+00 1.000000e+00 -0.000000e+00 0.000000e+00
1.162109e-01 8.465615e-04 1.000000e+00 1.000000e+00 -0.000000e+00 0.000000e+00
1.164063e-01 8.490483e-04 1.000000e+00 1.000000e+00 -0.000000e+00 0.000000e+00
1.166016e-01 8.515355e-04 1.000000e+00 1.000000e+00 -0.000000e+00 0.000000e+00
1.167969e-01 8.540231e-04 1.000000e+00 1.000000e+00 -0.000000e+00 0.000000e+00
1.169922e-01 8.565113e-04 1.000000e+00 1.000000e+00 -0.000000e+00 0.000000e+00
1.171875e-01 8.589998e-04 1.000000e+00 1.000000e+00 -0.000000e+00 0.000000e+00
1.173828e-01 8.614888e-04 1.000000e+00 1.000000e+00 -0.000000e+00 0.000000e+00
1.175781e-01 8.639783e-04 1.000000e+00 1.000000e+00 -0.000000e+00 0.000000e+00
1.177734e-01 8.664683e-04 1.000000e+00 1.000000e+00 -0.000000e+00 0.000000e+00
1.179688e-01 8.689587e-04 1.000000e+00 1.000000e+00 -0.000000e+00 0.000000e+00
1.181641e-01 8.714496e-04 1.000000e+00 1.000000e+00 -0.000000e+00 0.000000e+00
1.183594e-01 8.739409e-04 1.000000e+00 1.000000e+00 -0.000000e+00 0.000000e+00
1.185547e-01 8.764328e-04 1.000000e+00 1.000000e+00 -0.000000e+00 0.000000e+00
1.187500e-01 8.789251e-04 1.000000e+00 1.000000e+00 -0.000000e+00 0.000000e+00
1.189453e-01 8.814178e-04 1.000000e+00 1.000000e+00 -0.000000e+00 0.000000e+00
1.191406e-01 8.839111e-04 1.000000e+00 1.000000e+00 -0.000000e+00 0.000000e+00
1.193359e-01 8.864048e-04 1.000000e+00 1.000000e+00 -0.000000e+00 0.000000e+00
1.195313e-01 8.888989e-04 1.000000e+00 1.000000e+00 -0.000000e+00 0.000000e+00
1.197266e-01 8.913936e-04 1.000000e+00 1.000000e+00 -0.000000e+00 0.000000e+00
1.199219e-01 8.938887e-04 1.000000e+00 1.000000e+00 -0.000000e+00 0.000000e+00
1.201172e-01 8.963842e-04 1.000000e+00 1.000000e+00 -0.000000e+00 0.000000e+00
1.203125e-01 8.988802e-04 1.000000e+00 1.000000e+00 -0.000000e+00 0.000000e+00
1.205078e-01 9.013767e-04 1.000000e+00 1.000000e+00 -0.000000e+00 0.000000e+00
1.207031e-01 9.038736e-04 1.000000e+00 1.000000e+00 -0.000000e+00 0.000000e+00
1.208984e-01 9.063710e-04 1.000000e+00 1.000000e+00 -0.000000e+00 0.000000e+00
1.210938e-01 9.088688e-04 1.000000e+00 1.000000e+00 -0.000000e+00 0.000000e+00
1.212891e-01 9.113670e-04 1.000000e+00 1.000000e+00 -0.000000e+00 0.000000e+00
1.214844e-01 9.138657e-04 1.000000e+00 1.000000e+00 -0.000000e+00 0.000000e+00
1.216797e-01 9.163647e-04 1.000000e+00 1.000000e+00 -0.000000e+00 0.000000e+00
1.218750e-01 9.188642e-04 1.000000e+00 1.000000e+00 -0.000000e+00 0.000000e+00
1.220703e-01 9.213642e-04 1.000000e+00 1.000000e+00 -0.000000e+00 0.000000e+00
1.222656e-01 9.238645e-04 1.000000e+00 1.000000e+00 -0.000000e+00 0.000000e+00
1.224609e-01 9.263652e-04 1.000000e+00 1.000000e+00 -0.000000e+00 0.000000e+00
1.226563e-01 9.288663e-04 1.000000e+00 1.000000e+00 -0.000000e+00 0.000000e+00
1.228516e-01 9.313677e-04 1.000000e+00 1.000000e+00 -0.000000e+00 0.000000e+00
1.230469e-01 9.338696e-04 1.000000e+00 1.000000e+00 -0.000000e+00 0.000000e+00
1.232422e-01 9.363717e-04 1.000000e+00 1.000000e+00 -0.000000e+00 0.000000e+00
1.234375e-01 9.388743e-04 1.000000e+00 1.000000e+00 -0.000000e+00 0.000000e+00
1.236328e-01 9.413772e-04 1.000000e+00 1.000000e+00 -0.000000e+00 0.000000e+00
1.238281e-01 9.438804e-04 1.000000e+00 1.000000e+00 -0.000000e+00 0.000000e+00
1.240234e-01 9.463839e-04 1.000000e+00 1.000000e+00 -0.000000e+00 0.000000e+00
1.242188e-01 9.488878e-04 1.000000e+00 1.000000e+00 -0.000000e+00 0.000000e+00
1.244141e-01 9.513920e-04 1.000000e+00 1.000000e+00 -0.000000e+00 0.000000e+00
1.246094e-01 9.538965e-04 1.000000e+00 1.000000e+00 -0.000000e+00 0.000000e+00
1.248047e-01 9.564013e-04 1.000000e+00 1.000000e+00 -0.000000e+00 0.000000e+00
1.250000e-01 9.589065e-04 1.000000e+00 1.000000e+00 -0.000000e+00 0.000000e+00
1.251953e-01 9.614120e-04 1.000000e+00 1.000000e+00 -0.000000e+00 0.000000e+00
1.253906e-01 9.639179e-04 1.000000e+00 1.000000e+00 -0.000000e+00 0.000000e+00
1.255859e-01 9.664241e-04 1.000000e+00 1.000000e+00 -0.000000e+00 0.000000e+00
1.257813e-01 9.689306e-04 1.000000e+00 1.000000e+00 -0.000000e+00 0.000000e+00
1.259766e-01 9.714374e-04 1.000000e+00 1.000000e+00 -0.000000e+00 0.000000e+00
1.261719e-01 9.739445e-04 1.000000e+00 1.000000e+00 -0.000000e+00 0.000000e+00
1.263672e-01 9.764518e-04 1.000000e+00 1.000000e+00 -0.000000e+00 0.000000e+00
1.265625e-01 9.789593e-04 1.000000e+00 1.000000e+00 -0.000000e+00 0.000000e+00
1.267578e-01 9.814671e-04 1.000000e+00 1.000000e+00 -0.000000e+00 0.000000e+00
1.269531e-01 9.839750e-04 1.000000e+00 1.000000e+00 -0.000000e+00 0.000000e+00
1.271484e-01 8.976641e-04 1.000000e+00 1.000000e+00 -1.000000e+00 0.000000e+00
1.273438e-01 8.735284e-04 1.000000e+00 1.000000e+00 -1.000000e+00 0.000000e+00
1.275391e-01 8.493929e-04 1.000000e+00 1.000000e+00 -1.000000e+00 0.000000e+00
1.277344e-01 8.252577e-04 1.000000e+00 1.000000e+00 -1.000000e+00 0.000000e+00
1.279297e-01 8.011226e-04 1.000000e+00 1.000000e+00 -1.000000e+00 0.000000e+00
1.281250e-01 7.769877e-04 1.000000e+00 1.000000e+00 -1.000000e+00 0.000000e+00
1.283203e-01 7.528529e-04 1.000000e+00 1.000000e+00 -1.000000e+00 0.000000e+00
1.285156e-01 7.287184e-04 1.000000e+00 1.000000e+00 -1.000000e+00 0.000000e+00
1.287109e-01 7.045840e-04 1.000000e+00 1.000000e+00 -1.000000e+00 0.000000e+00
1.289062e-01 6.804497e-04 1.000000e+00 1.000000e+00 -1.000000e+00 0.000000e+00
1.291016e-01 6.563156e-04 1.000000e+00 1.000000e+00 -1.000000e+00 0.000000e+00
1.292969e-01 6.321817e-04 1.000000e+00 1.000000e+00 -1.000000e+00 0.000000e+00
1.294922e-01 6.080478e-04 1.000000e+00 1.000000e+00 -1.000000e+00 0.000000e+00
1.296875e-01 5.839142e-04 1.000000e+00 1.000000e+00 -1.000000e+00 0.000000e+00
1.298828e-01 5.597806e-04 1.000000e+00 1.000000e+00 -1.000000e+00 0.000000e+00
1.300781e-01 5.356472e-04 1.000000e+00 1.000000e+00 -1.000000e+00 0.000000e+00
1.302734e-01 5.115139e-04 1.000000e+00 1.000000e+00 -1.000000e+00 0.000000e+00
1.304687e-01 4.873807e-04 1.000000e+00 1.000000e+00 -1.000000e+00 0.000000e+00
1.306641e-01 4.632476e-04 1.000000e+00 1.000000e+00 -1.000000e+00 0.000000e+00
1.308594e-01 4.391146e-04 1.000000e+00 1.000000e+00 -1.000000e+00 0.000000e+00
1.310547e-01 4.149817e-04 1.000000e+00 1.000000e+00 -1.000000e+00 0.000000e+00
1.312500e-01 3.908489e-04 1.000000e+00 1.000000e+00 -1.000000e+00 0.000000e+00
1.314453e-01 3.667162e-04 1.000000e+00 1.000000e+00 -1.000000e+00 0.000000e+00
1.316406e-01 3.425835e-04 1.000000e+00 1.000000e+00 -1.000000e+00 0.000000e+00
1.318359e-01 3.184510e-04 1.000000e+00 1.000000e+00 -1.000000e+00 0.000000e+00
1.320313e-01 2.943185e-04 1.000000e+00 1.000000e+00 -1.000000e+00 0.000000e+00
1.322266e-01 2.701861e-04 1.000000e+00 1.000000e+00 -1.000000e+00 0.000000e+00
1.324219e-01 2.460537e-04 1.000000e+00 1.000000e+00 -1.000000e+00 0.000000e+00
1.326172e-01 2.219213e-04 1.000000e+00 1.000000e+00 -1.000000e+00 0.000000e+00
1.328125e-01 1.977890e-04 1.000000e+00 1.000000e+00 -1.000000e+00 0.000000e+00
1.330078e-01 1.736567e-04 1.000000e+00 1.000000e+00 -1.000000e+00 0.000000e+00
1.332031e-01 1.495244e-04 1.000000e+00 1.000000e+00 -1.000000e+00 0.000000e+00
1.333984e-01 1.253921e-04 1.000000e+00 1.000000e+00 -1.000000e+00 0.000000e+00
1.335938e-01 1.012598e-04 1.000000e+00 1.000000e+00 -1.000000e+00 0.000000e+00
1.337891e-01 7.712747e-05 1.000000e+00 1.000000e+00 -1.000000e+00 0.000000e+00
1.339844e-01 5.299502e-05 1.000000e+00 1.000000e+00 -1.000000e+00 0.000000e+00
1.341797e-01 2.886250e-05 1.000000e+00 1.000000e+00 -1.000000e+00 0.000000e+00
1.343750e-01 4.729959e-06 1.000000e+00 1.000000e+00 -1.000000e+00 0.000000e+00
1.345703e-01 0.000000e+00 7.998343e-01 1.000000e+00 -1.000000e+00 0.000000e+00
1.347656e-01 0.000000e+00 6.506151e-01 1.000000e+00 -1.000000e+00 0.000000e+00
1.349609e-01 0.000000e+00 5.756561e-01 1.000000e+00 -1.000000e+00 0.000000e+00
1.351563e-01 0.000000e+00 5.380023e-01 1.000000e+00 -1.000000e+00 0.000000e+00
1.353516e-01 0.000000e+00 5.190884e-01 1.000000e+00 -1.000000e+00 0.000000e+00
1.355469e-01 0.000000e+00 5.095878e-01 1.000000e+00 -1.000000e+00 0.000000e+00
1.357422e-01 0.000000e+00 5.048158e-01 1.000000e+00 -1.000000e+00 0.000000e+00
1.359375e-01 0.000000e+00 5.024188e-01 1.000000e+00 -1.000000e+00 0.000000e+00
1.361328e-01 0.000000e+00 5.012149e-01 1.000000e+00 -1.000000e+00 0.000000e+00
1.363281e-01 0.000000e+00 5.006102e-01 1.000000e+00 -1.000000e+00 0.000000e+00
1.365234e-01 0.000000e+00 5.003065e-01 1.000000e+00 -1.000000e+00 0.000000e+00
1.367188e-01 0.000000e+00 5.001539e-01 1.000000e+00 -1.000000e+00 0.000000e+00
1.369141e-01 0.000000e+00 5.000773e-01 1.000000e+00 -1.000000e+00 0.000000e+00
1.371094e-01 0.000000e+00 5.000388e-01 1.000000e+00 -1.000000e+00 0.000000e+00
1.373047e-01 0.000000e+00 5.000195e-01 1.000000e+00 -1.000000e+00 0.000000e+00
1.375000e-01 0.000000e+00 5.000098e-01 1.000000e+00 -1.000000e+00 0.000000e+00
1.376953e-01 0.000000e+00 5.000049e-01 1.000000e+00 -1.000000e+00 0.000000e+00
1.378906e-01 0.000000e+00 5.000025e-01 1.000000e+00 -1.000000e+00 0.000000e+00
1.380859e-01 0.000000e+00 5.000012e-01 1.000000e+00 -1.000000e+00 0.000000e+00
1.382812e-01 0.000000e+00 5.000006e-01 1.000000e+00 -1.000000e+00 0.000000e+00
1.384766e-01 0.000000e+00 5.000003e-01 1.000000e+00 -1.000000e+00 0.000000e+00
1.386719e-01 0.000000e+00 5.000002e-01 1.000000e+00 -1.000000e+00 0.000000e+00
1.388672e-01 0.000000e+00 5.000001e-01 1.000000e+00 -1.000000e+00 0.000000e+00
1.390625e-01 0.000000e+00 5.000000e-01 1.000000e+00 -1.000000e+00 0.000000e+00
1.392578e-01 0.000000e+00 5.000000e-01 1.000000e+00 -1.000000e+00 0.000000e+00
1.394531e-01 0.000000e+00 5.000000e-01 1.000000e+00 -1.000000e+00 0.000000e+00
1.396484e-01 0.000000e+00 5.000000e-01 1.000000e+00 -1.000000e+00 0.000000e+00
1.398438e-01 0.000000e+00 5.000000e-01 1.000000e+00 -1.000000e+00 0.000000e+00
1.400391e-01 0.000000e+00 5.000000e-01 1.000000e+00 -1.000000e+00 0.000000e+00
1.402344e-01 0.000000e+00 5.000000e-01 1.000000e+00 -1.000000e+00 0.000000e+00
1.404297e-01 0.000000e+00 5.000000e-01 1.000000e+00 -1.000000e+00 0.000000e+00
1.406250e-01 0.000000e+00 5.000000e-01 1.000000e+00 -1.000000e+00 0.000000e+00
1.408203e-01 0.000000e+00 5.000000e-01 1.000000e+00 -1.000000e+00 0.000000e+00
1.410156e-01 0.000000e+00 5.000000e-01 1.000000e+00 -1.000000e+00 0.000000e+00
1.412109e-01 0.000000e+00 5.000000e-01 1.000000e+00 -1.000000e+00 0.000000e+00
1.414063e-01 0.000000e+00 5.000000e-01 1.000000e+00 -1.000000e+00 0.000000e+00
1.416016e-01 0.000000e+00 5.000000e-01 1.000000e+00 -1.000000e+00 0.000000e+00
1.417969e-01 0.000000e+00 5.000000e-01 1.000000e+00 -1.000000e+00 0.000000e+00
1.419922e-01 0.000000e+00 5.000000e-01 1.000000e+00 -1.000000e+00 0.000000e+00
1.421875e-01 0.000000e+00 5.000000e-01 1.000000e+00 -1.000000e+00 0.000000e+00
1.423828e-01 0.000000e+00 5.000000e-01 1.000000e+00 -1.000000e+00 0.000000e+00
1.425781e-01 0.000000e+00 5.000000e-01 1.000000e+00 -1.000000e+00 0.000000e+00
1.427734e-01 0.000000e+00 5.000000e-01 1.000000e+00 -1.000000e+00 0.000000e+00
1.429688e-01 0.000000e+00 5.000000e-01 1.000000e+00 -1.000000e+00 0.000000e+00
1.431641e-01 0.000000e+00 5.000000e-01 1.000000e+00 -1.000000e+00 0.000000e+00
1.433594e-01 0.000000e+00 5.000000e-01 1.000000e+00 -1.000000e+00 0.000000e+00
1.435547e-01 0.000000e+00 5.000000e-01 1.000000e+00 -1.000000e+00 0.000000e+00
1.437500e-01 0.000000e+00 5.000000e-01 1.000000e+00 -1.000000e+00 0.000000e+00
1.439453e-01 0.000000e+00 5.000000e-01 1.000000e+00 -1.000000e+00 0.000000e+00
1.441406e-01 0.000000e+00 5.000000e-01 1.000000e+00 -1.000000e+00 0.000000e+00
1.443359e-01 0.000000e+00 5.000000e-01 1.000000e+00 -1.000000e+00 0.000000e+00
1.445312e-01 0.000000e+00 5.000000e-01 1.000000e+00 -1.000000e+00 0.000000e+00
1.447266e-01 0.000000e+00 5.000000e-01 1.000000e+00 -1.000000e+00 0.000000e+00
1.449219e-01 0.000000e+00 5.000000e-01 1.000000e+00 -1.000000e+00 0.000000e+00
1.451172e-01 0.000000e+00 5.000000e-01 1.000000e+00 -1.000000e+00 0.000000e+00
1.453125e-01 0.000000e+00 5.000000e-01 1.000000e+00 -1.000000e+00 0.000000e+00
1.455078e-01 0.000000e+00 5.000000e-01 1.000000e+00 -1.000000e+00 0.000000e+00
1.457031e-01 0.000000e+00 5.000000e-01 1.000000e+00 -1.000000e+00 0.000000e+00
1.458984e-01 0.000000e+00 5.000000e-01 1.000000e+00 -1.000000e+00 0.000000e+00
1.460937e-01 0.000000e+00 5.000000e-01 1.000000e+00 -1.000000e+00 0.000000e+00
1.462891e-01 0.000000e+00 5.000000e-01 1.000000e+00 -1.000000e+00 0.000000e+00
1.464844e-01 0.000000e+00 5.000000e-01 1.000000e+00 -1.000000e+00 0.000000e+00
1.466797e-01 0.000000e+00 5.000000e-01 1.000000e+00 -1.000000e+00 0.000000e+00
1.468750e-01 0.000000e+00 5.000000e-01 1.000000e+00 -1.000000e+00 0.000000e+00
1.470703e-01 5.704140e-15 1.000000e+00 1.000000e+00 -0.000000e+00 0.000000e+00
1.472656e-01 5.295592e-15 1.000000e+00 1.000000e+00 -0.000000e+00 0.000000e+00
1.474609e-01 4.893027e-15 1.000000e+00 1.000000e+00 -0.000000e+00 0.000000e+00
1.476563e-01 4.495970e-15 1.000000e+00 1.000000e+00 -0.000000e+00 0.000000e+00
1.478516e-01 4.103955e-15 1.000000e+00 1.000000e+00 -0.000000e+00 0.000000e+00
1.480469e-01 3.716527e-15 1.000000e+00 1.000000e+00 -0.000000e+00 0.000000e+00
1.482422e-01 3.333240e-15 1.000000e+00 1.000000e+00 -0.000000e+00 0.000000e+00
1.484375e-01 2.953658e-15 1.000000e+00 1.000000e+00 -0.000000e+00 0.000000e+00
1.486328e-01 2.577352e-15 1.000000e+00 1.000000e+00 -0.000000e+00 0.000000e+00
1.488281e-01 2.203901e-15 1.000000e+00 1.000000e+00 -0.000000e+00 0.000000e+00
1.490234e-01 1.832884e-15 1.000000e+00 1.000000e+00 -0.000000e+00 0.000000e+00
1.492188e-01 1.463890e-15 1.000000e+00 1.000000e+00 -0.000000e+00 0.000000e+00
1.494141e-01 1.096510e-15 1.000000e+00 1.000000e+00 -0.000000e+00 0.000000e+00
1.496094e-01 7.303360e-16 1.000000e+00 1.000000e+00 -0.000000e+00 0.000000e+00
1.498047e-01 3.649667e-16 1.000000e+00 1.000000e+00 -0.000000e+00 0.000000e+00
1.500000e-01 5.839467e-24 1.000000e+00 1.000000e+00 -0.000000e+00 0.000000e+00
1.501953e-01 0.000000e+00 2.000000e-03 5.000000e+02 -0.000000e+00 0.000000e+00
1.503906e-01 0.000000e+00 2.000000e-03 5.000000e+02 -0.000000e+00 0.000000e+00
1.505859e-01 0.000000e+00 2.000000e-03 5.000000e+02 -0.000000e+00 0.000000e+00
1.507813e-01 0.000000e+00 2.000000e-03 5.000000e+02 -0.000000e+00 0.000000e+00
1.509766e-01 0.000000e+00 2.000000e-03 5.000000e+02 -0.000000e+00 0.000000e+00
1.511719e-01 0.000000e+00 2.000000e-03 5.000000e+02 -0.000000e+00 0.000000e+00
1.513672e-01 0.000000e+00 2.000000e-03 5.000000e+02 -0.000000e+00 0.000000e+00
1.515625e-01 0.000000e+00 2.000000e-03 5.000000e+02 -0.000000e+00 0.000000e+00
1.517578e-01 0.000000e+00 2.000000e-03 5.000000e+02 -0.000000e+00 0.000000e+00
1.519531e-01 0.000000e+00 2.000000e-03 5.000000e+02 -0.000000e+00 0.000000e+00
1.521484e-01 0.000000e+00 2.000000e-03 5.000000e+02 -0.000000e+00 0.000000e+00
1.523438e-01 0.000000e+00 2.000000e-03 5.000000e+02 -0.000000e+00 0.000000e+00
1.525391e-01 0.000000e+00 2.000000e-03 5.000000e+02 -0.000000e+00 0.000000e+00
1.527344e-01 0.000000e+00 2.000000e-03 5.000000e+02 -0.000000e+00 0.000000e+00
1.529297e-01 0.000000e+00 2.000000e-03 5.000000e+02 -0.000000e+00 0.000000e+00
1.531250e-01 0.000000e+00 2.000000e-03 5.000000e+02 -0.000000e+00 0.000000e+00
1.533203e-01 0.000000e+00 2.000000e-03 5.000000e+02 -0.000000e+00 0.000000e+00
1.535156e-01 0.000000e+00 2.000000e-03 5.000000e+02 -0.000000e+00 0.000000e+00
1.537109e-01 0.000000e+00 2.000000e-03 5.000000e+02 -0.000000e+00 0.000000e+00
1.539063e-01 0.000000e+00 2.000000e-03 5.000000e+02 -0.000000e+00 0.000000e+00
1.541016e-01 0.000000e+00 2.000000e-03 5.000000e+02 -0.000000e+00 0.000000e+00
1.542969e-01 0.000000e+00 2.000000e-03 5.000000e+02 -0.000000e+00 0.000000e+00
1.544922e-01 0.000000e+00 2.000000e-03 5.000000e+02 -0.000000e+00 0.000000e+00
1.546875e-01 0.000000e+00 2.000000e-03 5.000000e+02 -0.000000e+00 0.000000e+00
1.548828e-01 0.000000e+00 2.000000e-03 5.000000e+02 -0.000000e+00 0.000000e+00
1.550781e-01 0.000000e+00 2.000000e-03 5.000000e+02 -0.000000e+00 0.000000e+00
1.552734e-01 0.000000e+00 2.000000e-03 5.000000e+02 -0.000000e+00 0.000000e+00
1.554688e-01 0.000000e+00 2.000000e-03 5.000000e+02 -0.000000e+00 0.000000e+00
1.556641e-01 0.000000e+00 2.000000e-03 5.000000e+02 -0.000000e+00 0.000000e+00
1.558594e-01 0.000000e+00 2.000000e-03 5.000000e+02 -0.000000e+00 0.000000e+00
1.560547e-01 0.000000e+00 2.000000e-03 5.000000e+02 -0.000000e+00 0.000000e+00
1.562500e-01 0.000000e+00 2.000000e-03 5.000000e+02 -0.000000e+00 0.000000e+00
1.564453e-01 0.000000e+00 2.000000e-03 5.000000e+02 -0.000000e+00 0.000000e+00
1.566406e-01 0.000000e+00 2.000000e-03 5.000000e+02 -0.000000e+00 0.000000e+00
1.568359e-01 0.000000e+00 2.000000e-03 5.000000e+02 -0.000000e+00 0.000000e+00
1.570313e-01 0.000000e+00 2.000000e-03 5.000000e+02 -0.000000e+00 0.000000e+00
1.572266e-01 0.000000e+00 2.000000e-03 5.000000e+02 -0.000000e+00 0.000000e+00
1.574219e-01 0.000000e+00 2.000000e-03 5.000000e+02 -0.000000e+00 0.000000e+00
1.576172e-01 0.000000e+00 2.000000e-03 5.000000e+02 -0.000000e+00 0.000000e+00
1.578125e-01 0.000000e+00 2.000000e-03 5.000000e+02 -0.000000e+00 0.000000e+00
1.580078e-01 0.000000e+00 2.000000e-03 5.000000e+02 -0.000000e+00 0.000000e+00
1.582031e-01 0.000000e+00 2.000000e-03 5.000000e+02 -0.000000e+00 0.000000e+00
1.583984e-01 0.000000e+00 2.000000e-03 5.000000e+02 -0.000000e+00 0.000000e+00
1.585938e-01 0.000000e+00 2.000000e-03 5.000000e+02 -0.000000e+00 0.000000e+00
1.587891e-01 0.000000e+00 2.000000e-03 5.000000e+02 -0.000000e+00 0.000000e+00
1.589844e-01 0.000000e+00 2.000000e-03 5.000000e+02 -0.000000e+00 0.000000e+00
1.591797e-01 0.000000e+00 2.000000e-03 5.000000e+02 -0.000000e+00 0.000000e+00
1.593750e-01 0.000000e+00 2.000000e-03 5.000000e+02 -0.000000e+00 0.000000e+00
1.595703e-01 0.000000e+00 2.000000e-03 5.000000e+02 -0.000000e+00 0.000000e+00
1.597656e-01 0.000000e+00 2.000000e-03 5.000000e+02 -0.000000e+00 0.000000e+00
1.599609e-01 0.000000e+00 2.000000e-03 5.000000e+02 -0.000000e+00 0.000000e+00
1.601562e-01 0.000000e+00 2.000000e-03 5.000000e+02 -0.000000e+00 0.000000e+00
1.603516e-01 0.000000e+00 2.000000e-03 5.000000e+02 -0.000000e+00 0.000000e+00
1.605469e-01 0.000000e+00 2.000000e-03 5.000000e+02 -0.000000e+00 0.000000e+00
1.607422e-01 0.000000e+00 2.000000e-03 5.000000e+02 -0.000000e+00 0.000000e+00
1.609375e-01 0.000000e+00 2.000000e-03 5.000000e+02 -0.000000e+00 0.000000e+00
1.611328e-01 0.000000e+00 2.000000e-03 5.000000e+02 -0.000000e+00 0.000000e+00
1.613281e-01 0.000000e+00 2.000000e-03 5.000000e+02 -0.000000e+00 0.000000e+00
1.615234e-01 0.000000e+00 2.000000e-03 5.000000e+02 -0.000000e+00 0.000000e+00
1.617188e-01 0.000000e+00 2.000000e-03 5.000000e+02 -0.000000e+00 0.000000e+00
1.619141e-01 0.000000e+00 2.000000e-03 5.000000e+02 -0.000000e+00 0.000000e+00
1.621094e-01 0.000000e+00 2.000000e-03 5.000000e+02 -0.000000e+00 0.000000e+00
1.623047e-01 0.000000e+00 2.000000e-03 5.000000e+02 -0.000000e+00 0.000000e+00
1.625000e-01 0.000000e+00 2.000000e-03 5.000000e+02 -0.000000e+00 0.000000e+00
1.626953e-01 0.000000e+00 2.000000e-03 5.000000e+02 -0.000000e+00 0.000000e+00
1.628906e-01 0.000000e+00 2.000000e-03 5.000000e+02 -0.000000e+00 0.000000e+00
1.630859e-01 0.000000e+00 2.000000e-03 5.000000e+02 -0.000000e+00 0.000000e+00
1.632813e-01 0.000000e+00 2.000000e-03 5.000000e+02 -0.000000e+00 0.000000e+00
1.634766e-01 0.000000e+00 2.000000e-03 5.000000e+02 -0.000000e+00 0.000000e+00
1.636719e-01 0.000000e+00 2.000000e-03 5.000000e+02 -0.000000e+00 0.000000e+00
1.638672e-01 0.000000e+00 2.000000e-03 5.000000e+02 -0.000000e+00 0.000000e+00
1.640625e-01 0.000000e+00 2.000000e-03 5.000000e+02 -0.000000e+00 0.000000e+00
1.642578e-01 0.000000e+00 2.000000e-03 5.000000e+02 -0.000000e+00 0.000000e+00
1.644531e-01 0.000000e+00 2.000000e-03 5.000000e+02 -0.000000e+00 0.000000e+00
1.646484e-01 0.000000e+00 2.000000e-03 5.000000e+02 -0.000000e+00 0.000000e+00
1.648438e-01 0.000000e+00 2.000000e-03 5.000000e+02 -0.000000e+00 0.000000e+00
1.650391e-01 0.000000e+00 2.000000e-03 5.000000e+02 -0.000000e+00 0.000000e+00
1.652344e-01 0.000000e+00 2.000000e-03 5.000000e+02 -0.000000e+00 0.000000e+00
1.654297e-01 0.000000e+00 2.000000e-03 5.000000e+02 -0.000000e+00 0.000000e+00
1.656250e-01 0.000000e+00 2.000000e-03 5.000000e+02 -0.000000e+00 0.000000e+00
1.658203e-01 0.000000e+00 2.000000e-03 5.000000e+02 -0.000000e+00 0.000000e+00
1.660156e-01 0.000000e+00 2.000000e-03 5.000000e+02 -0.000000e+00 0.000000e+00
1.662109e-01 0.000000e+00 2.000000e-03 5.000000e+02 -0.000000e+00 0.000000e+00
1.664063e-01 0.000000e+00 2.000000e-03 5.000000e+02 -0.000000e+00 0.000000e+00
1.666016e-01 0.000000e+00 2.000000e-03 5.000000e+02 -0.000000e+00 0.000000e+00
1.667969e-01 0.000000e+00 2.000000e-03 5.000000e+02 -0.000000e+00 0.000000e+00
1.669922e-01 0.000000e+00 2.000000e-03 5.000000e+02 -0.000000e+00 0.000000e+00
1.671875e-01 0.000000e+00 2.000000e-03 5.000000e+02 -0.000000e+00 0.000000e+00
1.673828e-01 0.000000e+00 2.000000e-03 5.000000e+02 -0.000000e+00 0.000000e+00
1.675781e-01 0.000000e+00 2.000000e-03 5.000000e+02 -0.000000e+00 0.000000e+00
1.677734e-01 0.000000e+00 2.000000e-03 5.000000e+02 -0.000000e+00 0.000000e+00
1.679688e-01 0.000000e+00 2.000000e-03 5.000000e+02 -0.000000e+00 0.000000e+00
1.681641e-01 0.000000e+00 2.000000e-03 5.000000e+02 -0.000000e+00 0.000000e+00
1.683594e-01 0.000000e+00 2.000000e-03 5.000000e+02 -0.000000e+00 0.000000e+00
1.685547e-01 0.000000e+00 2.000000e-03 5.000000e+02 -0.000000e+00 0.000000e+00
1.687500e-01 0.000000e+00 2.000000e-03 5.000000e+02 -0.000000e+00 0.000000e+00
1.689453e-01 0.000000e+00 2.000000e-03 5.000000e+02 -0.000000e+00 0.000000e+00
1.691406e-01 0.000000e+00 2.000000e-03 5.000000e+02 -0.000000e+00 0.000000e+00
1.693359e-01 0.000000e+00 2.000000e-03 5.000000e+02 -0.000000e+00 0.000000e+00
1.695313e-01 0.000000e+00 2.000000e-03 5.000000e+02 -0.000000e+00 0.000000e+00
1.697266e-01 0.000000e+00 2.000000e-03 5.000000e+02 -0.000000e+00 0.000000e+00
1.699219e-01 0.000000e+00 2.000000e-03 5.000000e+02 -0.000000e+00 0.000000e+00
1.701172e-01 0.000000e+00 2.000000e-03 5.000000e+02 -0.000000e+00 0.000000e+00
1.703125e-01 0.000000e+00 2.000000e-03 5.000000e+02 -0.000000e+00 0.000000e+00
1.705078e-01 0.000000e+00 2.000000e-03 5.000000e+02 -0.000000e+00 0.000000e+00
1.707031e-01 0.000000e+00 2.000000e-03 5.000000e+02 -0.000000e+00 0.000000e+00
1.708984e-01 0.000000e+00 2.000000e-03 5.000000e+02 -0.000000e+00 0.000000e+00
1.710938e-01 0.000000e+00 2.000000e-03 5.000000e+02 -0.000000e+00 0.000000e+00
1.712891e-01 0.000000e+00 2.000000e-03 5.000000e+02 -0.000000e+00 0.000000e+00
1.714844e-01 0.000000e+00 2.000000e-03 5.000000e+02 -0.000000e+00 0.000000e+00
1.716797e-01 0.000000e+00 2.000000e-03 5.000000e+02 -0.000000e+00 0.000000e+00
1.718750e-01 0.000000e+00 2.000000e-03 5.000000e+02 -0.000000e+00 0.000000e+00
1.720703e-01 0.000000e+00 2.000000e-03 5.000000e+02 -0.000000e+00 0.000000e+00
1.722656e-01 0.000000e+00 2.000000e-03 5.000000e+02 -0.000000e+00 0.000000e+00
1.724609e-01 0.000000e+00 2.000000e-03 5.000000e+02 -0.000000e+00 0.000000e+00
1.726563e-01 0.000000e+00 2.000000e-03 5.000000e+02 -0.000000e+00 0.000000e+00
1.728516e-01 0.000000e+00 2.000000e-03 5.000000e+02 -0.000000e+00 0.000000e+00
1.730469e-01 0.000000e+00 2.000000e-03 5.000000e+02 -0.000000e+00 0.000000e+00
1.732422e-01 0.000000e+00 2.000000e-03 5.000000e+02 -0.000000e+00 0.000000e+00
1.734375e-01 0.000000e+00 2.000000e-03 5.000000e+02 -0.000000e+00 0.000000e+00
1.736328e-01 0.000000e+00 2.000000e-03 5.000000e+02 -0.000000e+00 0.000000e+00
1.738281e-01 0.000000e+00 2.000000e-03 5.000000e+02 -0.000000e+00 0.000000e+00
1.740234e-01 0.000000e+00 2.000000e-03 5.000000e+02 -0.000000e+00 0.000000e+00
1.742188e-01 0.000000e+00 2.000000e-03 5.000000e+02 -0.000000e+00 0.000000e+00
1.744141e-01 0.000000e+00 2.000000e-03 5.000000e+02 -0.000000e+00 0.000000e+00
1.746094e-01 0.000000e+00 2.000000e-03 5.000000e+02 -0.000000e+00 0.000000e+00
1.748047e-01 0.000000e+00 2.000000e-03 5.000000e+02 -0.000000e+00 0.000000e+00
1.750000e-01 0.000000e+00 2.000000e-03 5.000000e+02 -0.000000e+00 0.000000e+00
1.751953e-01 0.000000e+00 2.000000e-03 5.000000e+02 -0.000000e+00 0.000000e+00
1.753906e-01 0.000000e+00 2.000000e-03 5.000000e+02 -0.000000e+00 0.000000e+00
1.755859e-01 0.000000e+00 2.000000e-03 5.000000e+02 -0.000000e+00 0.000000e+00
1.757812e-01 0.000000e+00 2.000000e-03 5.000000e+02 -0.000000e+00 0.000000e+00
1.759766e-01 0.000000e+00 2.000000e-03 5.000000e+02 -0.000000e+00 0.000000e+00
1.761719e-01 0.000000e+00 2.000000e-03 5.000000e+02 -0.000000e+00 0.000000e+00
1.763672e-01 0.000000e+00 2.000000e-03 5.000000e+02 -0.000000e+00 0.000000e+00
1.765625e-01 0.000000e+00 2.000000e-03 5.000000e+02 -0.000000e+00 0.000000e+00
1.767578e-01 0.000000e+00 2.000000e-03 5.000000e+02 -0.000000e+00 0.000000e+00
1.769531e-01 0.000000e+00 2.000000e-03 5.000000e+02 -0.000000e+00 0.000000e+00
1.771484e-01 0.000000e+00 2.000000e-03 5.000000e+02 -0.000000e+00 0.000000e+00
1.773438e-01 0.000000e+00 2.000000e-03 5.000000e+02 -0.000000e+00 0.000000e+00
1.775391e-01 0.000000e+00 2.000000e-03 5.000000e+02 -0.000000e+00 0.000000e+00
1.777344e-01 0.000000e+00 2.000000e-03 5.000000e+02 -0.000000e+00 0.000000e+00
1.779297e-01 0.000000e+00 2.000000e-03 5.000000e+02 -0.000000e+00 0.000000e+00
1.781250e-01 0.000000e+00 2.000000e-03 5.000000e+02 -0.000000e+00 0.000000e+00
1.783203e-01 0.000000e+00 2.000000e-03 5.000000e+02 -0.000000e+00 0.000000e+00
1.785156e-01 0.000000e+00 2.000000e-03 5.000000e+02 -0.000000e+00 0.000000e+00
1.787109e-01 0.000000e+00 2.000000e-03 5.000000e+02 -0.000000e+00 0.000000e+00
1.789063e-01 0.000000e+00 2.000000e-03 5.000000e+02 -0.000000e+00 0.000000e+00
1.791016e-01 0.000000e+00 2.000000e-03 5.000000e+02 -0.000000e+00 0.000000e+00
1.792969e-01 0.000000e+00 2.000000e-03 5.000000e+02 -0.000000e+00 0.000000e+00
1.794922e-01 0.000000e+00 2.000000e-03 5.000000e+02 -0.000000e+00 0.000000e+00
1.796875e-01 0.000000e+00 2.000000e-03 5.000000e+02 -0.000000e+00 0.000000e+00
1.798828e-01 0.000000e+00 2.000000e-03 5.000000e+02 -0.000000e+00 0.000000e+00
1.800781e-01 0.000000e+00 2.000000e-03 5.000000e+02 -0.000000e+00 0.000000e+00
1.802734e-01 0.000000e+00 2.000001e-03 5.000000e+02 -0.000000e+00 0.000000e+00
1.804688e-01 0.000000e+00 2.000001e-03 5.000000e+02 -0.000000e+00 0.000000e+00
1.806641e-01 0.000000e+00 2.000001e-03 5.000000e+02 -0.000000e+00 0.000000e+00
1.808594e-01 0.000000e+00 2.000001e-03 5.000000e+02 -0.000000e+00 0.000000e+00
1.810547e-01 0.000000e+00 2.000002e-03 5.000000e+02 -0.000000e+00 0.000000e+00
1.812500e-01 0.000000e+00 2.000002e-03 5.000000e+02 -0.000000e+00 0.000000e+00
1.814453e-01 0.000000e+00 2.000003e-03 5.000000e+02 -0.000000e+00 0.000000e+00
1.816406e-01 0.000000e+00 2.000003e-03 5.000000e+02 -0.000000e+00 0.000000e+00
1.818359e-01 0.000000e+00 2.000004e-03 5.000000e+02 -0.000000e+00 0.000000e+00
1.820313e-01 0.000000e+00 2.000005e-03 5.000000e+02 -0.000000e+00 0.000000e+00
1.822266e-01 0.000000e+00 2.000007e-03 5.000000e+02 -0.000000e+00 0.000000e+00
1.824219e-01 0.000000e+00 2.000009e-03 5.000000e+02 -0.000000e+00 0.000000e+00
1.826172e-01 0.000000e+00 2.000012e-03 5.000000e+02 -0.000000e+00 0.000000e+00
1.828125e-01 0.000000e+00 2.000015e-03 5.000000e+02 -0.000000e+00 0.000000e+00
1.830078e-01 0.000000e+00 2.000020e-03 5.000000e+02 -0.000000e+00 0.000000e+00
1.832031e-01 0.000000e+00 2.000025e-03 5.000000e+02 -0.000000e+00 0.000000e+00
1.833984e-01 0.000000e+00 2.000033e-03 5.000000e+02 -0.000000e+00 0.000000e+00
1.835938e-01 0.000000e+00 2.000042e-03 5.000000e+02 -0.000000e+00 0.000000e+00
1.837891e-01 0.000000e+00 2.000055e-03 5.000000e+02 -0.000000e+00 0.000000e+00
1.839844e-01 0.000000e+00 2.000070e-03 5.000000e+02 -0.000000e+00 0.000000e+00
1.841797e-01 0.000000e+00 2.000090e-03 5.000000e+02 -0.000000e+00 0.000000e+00
1.843750e-01 0.000000e+00 2.000116e-03 5.000000e+02 -0.000000e+00 0.000000e+00
1.845703e-01 0.000000e+00 2.000148e-03 5.000000e+02 -0.000000e+00 0.000000e+00
1.847656e-01 0.000000e+00 2.000188e-03 5.000000e+02 -0.000000e+00 0.000000e+00
1.849609e-01 0.000000e+00 2.000239e-03 5.000000e+02 -0.000000e+00 0.000000e+00
1.851563e-01 0.000000e+00 2.000303e-03 5.000000e+02 -0.000000e+00 0.000000e+00
1.853516e-01 0.000000e+00 2.000382e-03 5.000000e+02 -0.000000e+00 0.000000e+00
1.855469e-01 0.000000e+00 2.000481e-03 5.000000e+02 -0.000000e+00 0.000000e+00
1.857422e-01 0.000000e+00 2.000603e-03 5.000000e+02 -0.000000e+00 0.000000e+00
1.859375e-01 0.000000e+00 2.000754e-03 5.000000e+02 -0.000000e+00 0.000000e+00
1.861328e-01 0.000000e+00 2.000940e-03 5.000000e+02 -0.000000e+00 0.000000e+00
1.863281e-01 0.000000e+00 2.001168e-03 5.000000e+02 -0.000000e+00 0.000000e+00
1.865234e-01 0.000000e+00 2.001445e-03 5.000000e+02 -0.000000e+00 0.000000e+00
1.867188e-01 0.000000e+00 2.001783e-03 5.000000e+02 -0.000000e+00 0.000000e+00
1.869141e-01 0.000000e+00 2.002192e-03 5.000000e+02 -0.000000e+00 0.000000e+00
1.871094e-01 0.000000e+00 2.002686e-03 5.000000e+02 -0.000000e+00 0.000000e+00
1.873047e-01 0.000000e+00 2.003279e-03 5.000000e+02 -0.000000e+00 0.000000e+00
1.875000e-01 0.000000e+00 2.003990e-03 5.000000e+02 -0.000000e+00 0.000000e+00
1.876953e-01 0.000000e+00 2.004838e-03 5.000000e+02 -0.000000e+00 0.000000e+00
1.878906e-01 0.000000e+00 2.005847e-03 5.000000e+02 -0.000000e+00 0.000000e+00
1.880859e-01 0.000000e+00 2.007042e-03 5.000000e+02 -0.000000e+00 0.000000e+00
1.882813e-01 0.000000e+00 2.008453e-03 5.000000e+02 -0.000000e+00 0.000000e+00
1.884766e-01 0.000000e+00 2.010111e-03 5.000000e+02 -0.000000e+00 0.000000e+00
1.886719e-01 0.000000e+00 2.012055e-03 5.000000e+02 -0.000000e+00 0.000000e+00
1.888672e-01 0.000000e+00 2.014324e-03 5.000000e+02 -0.000000e+00 0.000000e+00
1.890625e-01 0.000000e+00 2.016965e-03 5.000000e+02 -0.000000e+00 0.000000e+00
1.892578e-01 0.000000e+00 2.020026e-03 5.000000e+02 -0.000000e+00 0.000000e+00
1.894531e-01 0.000000e+00 2.023562e-03 5.000000e+02 -0.000000e+00 0.000000e+00
1.896484e-01 0.000000e+00 2.027633e-03 5.000000e+02 -0.000000e+00 0.000000e+00
1.898438e-01 0.000000e+00 2.032302e-03 5.000000e+02 -0.000000e+00 0.000000e+00
1.900391e-01 0.000000e+00 2.037640e-03 5.000000e+02 -0.000000e+00 0.000000e+00
1.902344e-01 0.000000e+00 2.043721e-03 5.000000e+02 -0.000000e+00 0.000000e+00
1.904297e-01 0.000000e+00 2.050625e-03 5.000000e+02 -0.000000e+00 0.000000e+00
1.906250e-01 0.000000e+00 2.058437e-03 5.000000e+02 -0.000000e+00 0.000000e+00
1.908203e-01 0.000000e+00 2.067245e-03 5.000000e+02 -0.000000e+00 0.000000e+00
1.910156e-01 0.000000e+00 2.077144e-03 5.000000e+02 -0.000000e+00 0.000000e+00
1.912109e-01 0.000000e+00 2.088232e-03 5.000000e+02 -0.000000e+00 0.000000e+00
1.914062e-01 0.000000e+00 2.100609e-03 5.000000e+02 -0.000000e+00 0.000000e+00
1.916016e-01 0.000000e+00 2.114381e-03 5.000000e+02 -0.000000e+00 0.000000e+00
1.917969e-01 0.000000e+00 2.129653e-03 5.000000e+02 -0.000000e+00 0.000000e+00
1.919922e-01 0.000000e+00 2.146535e-03 5.000000e+02 -0.000000e+00 0.000000e+00
1.921875e-01 0.000000e+00 2.165134e-03 5.000000e+02 -0.000000e+00 0.000000e+00
1.923828e-01 0.000000e+00 2.185561e-03 5.000000e+02 -0.000000e+00 0.000000e+00
1.925781e-01 0.000000e+00 2.207921e-03 5.000000e+02 -0.000000e+00 0.000000e+00
1.927734e-01 0.000000e+00 2.232321e-03 5.000000e+02 -0.000000e+00 0.000000e+00
1.929688e-01 0.000000e+00 2.258862e-03 5.000000e+02 -0.000000e+00 0.000000e+00
1.931641e-01 0.000000e+00 2.287641e-03 5.000000e+02 -0.000000e+00 0.000000e+00
1.933594e-01 0.000000e+00 2.318749e-03 5.000000e+02 -0.000000e+00 0.000000e+00
1.935547e-01 0.000000e+00 2.352268e-03 5.000000e+02 -0.000000e+00 0.000000e+00
1.937500e-01 0.000000e+00 2.388276e-03 5.000000e+02 -0.000000e+00 0.000000e+00
1.939453e-01 0.000000e+00 2.426836e-03 5.000000e+02 -0.000000e+00 0.000000e+00
1.941406e-01 0.000000e+00 2.468004e-03 5.000000e+02 -0.000000e+00 0.000000e+00
1.943359e-01 0.000000e+00 2.511822e-03 5.000000e+02 -0.000000e+00 0.000000e+00
1.945313e-01 0.000000e+00 2.558320e-03 5.000000e+02 -0.000000e+00 0.000000e+00
1.947266e-01 0.000000e+00 2.607513e-03 5.000000e+02 -0.000000e+00 0.000000e+00
1.949219e-01 0.000000e+00 2.659402e-03 5.000000e+02 -0.000000e+00 0.000000e+00
1.951172e-01 0.000000e+00 2.713971e-03 5.000000e+02 -0.000000e+00 0.000000e+00
1.953125e-01 0.000000e+00 2.771190e-03 5.000000e+02 -0.000000e+00 0.000000e+00
1.955078e-01 0.000000e+00 2.831010e-03 5.000000e+02 -0.000000e+00 0.000000e+00
1.957031e-01 0.000000e+00 2.893368e-03 5.000000e+02 -0.000000e+00 0.000000e+00
1.958984e-01 0.000000e+00 2.958181e-03 5.000000e+02 -0.000000e+00 0.000000e+00
1.960938e-01 0.000000e+00 3.025352e-03 5.000000e+02 -0.000000e+00 0.000000e+00
1.962891e-01 0.000000e+00 3.094766e-03 5.000000e+02 -0.000000e+00 0.000000e+00
1.964844e-01 0.000000e+00 3.166293e-03 5.000000e+02 -0.000000e+00 0.000000e+00
1.966797e-01 0.000000e+00 3.239788e-03 5.000000e+02 -0.000000e+00 0.000000e+00
1.968750e-01 0.000000e+00 3.315091e-03 5.000000e+02 -0.000000e+00 0.000000e+00
1.970703e-01 0.000000e+00 3.392031e-03 5.000000e+02 -0.000000e+00 0.000000e+00
1.972656e-01 0.000000e+00 3.470422e-03 5.000000e+02 -0.000000e+00 0.000000e+00
1.974609e-01 0.000000e+00 3.550070e-03 5.000000e+02 -0.000000e+00 0.000000e+00
1.976563e-01 0.000000e+00 3.630772e-03 5.000000e+02 -0.000000e+00 0.000000e+00
1.978516e-01 0.000000e+00 3.712316e-03 5.000000e+02 -0.000000e+00 0.000000e+00
1.980469e-01 0.000000e+00 3.794486e-03 5.000000e+02 -0.000000e+00 0.000000e+00
1.982422e-01 0.000000e+00 3.877062e-03 5.000000e+02 -0.000000e+00 0.000000e+00
1.984375e-01 0.000000e+00 3.959820e-03 5.000000e+02 -0.000000e+00 0.000000e+00
1.986328e-01 0.000000e+00 4.042538e-03 5.000000e+02 -0.000000e+00 0.000000e+00
1.988281e-01 0.000000e+00 4.124994e-03 5.000000e+02 -0.000000e+00 0.000000e+00
1.990234e-01 0.000000e+00 4.206971e-03 5.000000e+02 -0.000000e+00 0.000000e+00
1.992188e-01 0.000000e+00 4.288256e-03 5.000000e+02 -0.000000e+00 0.000000e+00
1.994141e-01 0.000000e+00 4.368641e-03 5.000000e+02 -0.000000e+00 0.000000e+00
1.996094e-01 0.000000e+00 4.447929e-03 5.000000e+02 -0.000000e+00 0.000000e+00
1.998047e-01 0.000000e+00 4.525931e-03 5.000000e+02 -0.000000e+00 0.000000e+00
2.000000e-01 0.000000e+00 2.000000e-03 5.000000e+02 -0.000000e+00 0.000000e+00
