0.000000	0.025000	1.000000
0.002222	0.048216	1.000000
0.004444	0.071329	1.000000
0.006667	0.094337	1.000000
0.008889	0.117242	1.000000
0.011111	0.140042	1.000000
0.013333	0.162739	1.000000
0.015556	0.185332	1.000000
0.017778	0.207821	1.000000
0.020000	0.230206	1.000000
0.022222	0.252487	1.000000
0.024444	0.274664	1.000000
0.026667	0.296737	1.000000
0.028889	0.318707	1.000000
0.031111	0.340572	1.000000
0.033333	0.362334	1.000000
0.035556	0.383992	1.000000
0.037778	0.405546	1.000000
0.040000	0.426996	1.000000
0.042222	0.448342	1.000000
0.044444	0.469584	1.000000
0.046667	0.490723	1.000000
0.048889	0.511758	1.000000
0.051111	0.532689	1.000000
0.053333	0.553516	1.000000
0.055556	0.574239	1.000000
0.057778	0.594859	1.000000
0.060000	0.615374	1.000000
0.062222	0.635786	1.000000
0.064444	0.656094	1.000000
0.066667	0.676299	1.000000
0.068889	0.696399	1.000000
0.071111	0.716396	1.000000
0.073333	0.736289	1.000000
0.075556	0.756079	1.000000
0.077778	0.775764	1.000000
0.080000	0.795346	1.000000
0.082222	0.814824	1.000000
0.084444	0.834198	1.000000
0.086667	0.853469	1.000000
0.088889	0.872636	1.000000
0.091111	0.891699	1.000000
0.093333	0.910658	1.000000
0.095556	0.929514	1.000000
0.097778	0.948266	1.000000
0.100000	0.966914	1.000000
0.102222	0.985459	1.000000
0.104444	1.003900	1.000000
0.106667	1.022237	1.000000
0.108889	1.040471	1.000000
0.111111	1.058601	1.000000
0.113333	1.076627	1.000000
0.115556	1.094550	1.000000
0.117778	1.112369	1.000000
0.120000	1.130084	1.000000
0.122222	1.147696	1.000000
0.124444	1.165204	1.000000
0.126667	1.182608	1.000000
0.128889	1.199909	1.000000
0.131111	1.217106	1.000000
0.133333	1.234200	1.000000
0.135556	1.251190	1.000000
0.137778	1.268076	1.000000
0.140000	1.284859	1.000000
0.142222	1.301538	1.000000
0.144444	1.318113	1.000000
0.146667	1.334585	1.000000
0.148889	1.350954	1.000000
0.151111	1.367219	1.000000
0.153333	1.383380	1.000000
0.155556	1.399438	1.000000
0.157778	1.415392	1.000000
0.160000	1.431242	1.000000
0.162222	1.446989	1.000000
0.164444	1.462633	1.000000
0.166667	1.478173	1.000000
0.168889	1.493609	1.000000
0.171111	1.508942	1.000000
0.173333	1.524172	1.000000
0.175556	1.539298	1.000000
0.177778	1.554320	1.000000
0.180000	1.569239	1.000000
0.182222	1.584054	1.000000
0.184444	1.598766	1.000000
0.186667	1.613375	1.000000
0.188889	1.627880	1.000000
0.191111	1.642281	1.000000
0.193333	1.656579	1.000000
0.195556	1.670774	1.000000
0.197778	1.684865	1.000000
0.200000	1.698852	1.000000
0.202222	1.712736	1.000000
0.204444	1.726517	1.000000
0.206667	1.740194	1.000000
0.208889	1.753768	1.000000
0.211111	1.767238	1.000000
0.213333	1.780605	1.000000
0.215556	1.793869	1.000000
0.217778	1.807029	1.000000
0.220000	1.820085	1.000000
0.222222	1.833039	1.000000
0.224444	1.845888	1.000000
0.226667	1.858635	1.000000
0.228889	1.871278	1.000000
0.231111	1.883817	1.000000
0.233333	1.896254	1.000000
0.235556	1.908586	1.000000
0.237778	1.920816	1.000000
0.240000	1.932942	1.000000
0.242222	1.944965	1.000000
0.244444	1.956884	1.000000
0.246667	1.968700	1.000000
0.248889	1.980413	1.000000
0.251111	1.992022	1.000000
0.253333	2.003528	1.000000
0.255556	2.014930	1.000000
0.257778	2.026229	1.000000
0.260000	2.037425	1.000000
0.262222	2.048518	1.000000
0.264444	2.059507	1.000000
0.266667	2.070393	1.000000
0.268889	2.081175	1.000000
0.271111	2.091855	1.000000
0.273333	2.102430	1.000000
0.275556	2.112903	1.000000
0.277778	2.123272	1.000000
0.280000	2.133538	1.000000
0.282222	2.143701	1.000000
0.284444	2.153760	1.000000
0.286667	2.163716	1.000000
0.288889	2.173569	1.000000
0.291111	2.183319	1.000000
0.293333	2.192965	1.000000
0.295556	2.202508	1.000000
0.297778	2.211947	1.000000
0.300000	2.221284	1.000000
0.302222	2.230517	1.000000
0.304444	2.239647	1.000000
0.306667	2.248673	1.000000
0.308889	2.257596	1.000000
0.311111	2.266417	1.000000
0.313333	2.275133	1.000000
0.315556	2.283747	1.000000
0.317778	2.292257	1.000000
0.320000	2.300664	1.000000
0.322222	2.308968	1.000000
0.324444	2.317169	1.000000
0.326667	2.325266	1.000000
0.328889	2.333260	1.000000
0.331111	2.341151	1.000000
0.333333	2.348939	1.000000
0.335556	2.356623	1.000000
0.337778	2.364204	1.000000
0.340000	2.371682	1.000000
0.342222	2.379057	1.000000
0.344444	2.386329	1.000000
0.346667	2.393497	1.000000
0.348889	2.400562	1.000000
0.351111	2.407524	1.000000
0.353333	2.414383	1.000000
0.355556	2.421139	1.000000
0.357778	2.427791	1.000000
0.360000	2.434340	1.000000
0.362222	2.440786	1.000000
0.364444	2.447129	1.000000
0.366667	2.453369	1.000000
0.368889	2.459505	1.000000
0.371111	2.465538	1.000000
0.373333	2.471468	1.000000
0.375556	2.477295	1.000000
0.377778	2.483019	1.000000
0.380000	2.488640	1.000000
0.382222	2.494157	1.000000
0.384444	2.499571	1.000000
0.386667	2.504882	1.000000
0.388889	2.510090	1.000000
0.391111	2.515195	1.000000
0.393333	2.520196	1.000000
0.395556	2.525095	1.000000
0.397778	2.529890	1.000000
0.400000	2.534582	1.000000
0.402222	2.539171	1.000000
0.404444	2.543657	1.000000
0.406667	2.548040	1.000000
0.408889	2.552319	1.000000
0.411111	2.556496	1.000000
0.413333	2.560569	1.000000
0.415556	2.564539	1.000000
0.417778	2.568406	1.000000
0.420000	2.572170	1.000000
0.422222	2.575830	1.000000
0.424444	2.579388	1.000000
0.426667	2.582842	1.000000
0.428889	2.586194	1.000000
0.431111	2.589442	1.000000
0.433333	2.592587	1.000000
0.435556	2.595629	1.000000
0.437778	2.598568	1.000000
0.440000	2.601403	1.000000
0.442222	2.604136	1.000000
0.444444	2.606765	1.000000
0.446667	2.609291	1.000000
0.448889	2.611715	1.000000
0.451111	2.614035	1.000000
0.453333	2.616252	1.000000
0.455556	2.618365	1.000000
0.457778	2.620376	1.000000
0.460000	2.622284	1.000000
0.462222	2.624088	1.000000
0.464444	2.625789	1.000000
0.466667	2.627388	1.000000
0.468889	2.628883	1.000000
0.471111	2.630275	1.000000
0.473333	2.631564	1.000000
0.475556	2.632749	1.000000
0.477778	2.633832	1.000000
0.480000	2.634812	1.000000
0.482222	2.635688	1.000000
0.484444	2.636461	1.000000
0.486667	2.637132	1.000000
0.488889	2.637699	1.000000
0.491111	2.638163	1.000000
0.493333	2.638524	1.000000
0.495556	2.638781	1.000000
0.497778	2.638936	1.000000
0.500000	2.638988	1.000000
0.502222	2.638936	1.000000
0.504444	2.638781	1.000000
0.506667	2.638524	1.000000
0.508889	2.638163	1.000000
0.511111	2.637699	1.000000
0.513333	2.637132	1.000000
0.515556	2.636461	1.000000
0.517778	2.635688	1.000000
0.520000	2.634812	1.000000
0.522222	2.633832	1.000000
0.524444	2.632749	1.000000
0.526667	2.631564	1.000000
0.528889	2.630275	1.000000
0.531111	2.628883	1.000000
0.533333	2.627388	1.000000
0.535556	2.625789	1.000000
0.537778	2.624088	1.000000
0.540000	2.622284	1.000000
0.542222	2.620376	1.000000
0.544444	2.618365	1.000000
0.546667	2.616252	1.000000
0.548889	2.614035	1.000000
0.551111	2.611715	1.000000
0.553333	2.609291	1.000000
0.555556	2.606765	1.000000
0.557778	2.604136	1.000000
0.560000	2.601403	1.000000
0.562222	2.598568	1.000000
0.564444	2.595629	1.000000
0.566667	2.592587	1.000000
0.568889	2.589442	1.000000
0.571111	2.586194	1.000000
0.573333	2.582842	1.000000
0.575556	2.579388	1.000000
0.577778	2.575830	1.000000
0.580000	2.572170	1.000000
0.582222	2.568406	1.000000
0.584444	2.564539	1.000000
0.586667	2.560569	1.000000
0.588889	2.556496	1.000000
0.591111	2.552319	1.000000
0.593333	2.548040	1.000000
0.595556	2.543657	1.000000
0.597778	2.539171	1.000000
0.600000	2.534582	1.000000
0.602222	2.529890	1.000000
0.604444	2.525095	1.000000
0.606667	2.520196	1.000000
0.608889	2.515195	1.000000
0.611111	2.510090	1.000000
0.613333	2.504882	1.000000
0.615556	2.499571	1.000000
0.617778	2.494157	1.000000
0.620000	2.488640	1.000000
0.622222	2.483019	1.000000
0.624444	2.477295	1.000000
0.626667	2.471468	1.000000
0.628889	2.465538	1.000000
0.631111	2.459505	1.000000
0.633333	2.453369	1.000000
0.635556	2.447129	1.000000
0.637778	2.440786	1.000000
0.640000	2.434340	1.000000
0.642222	2.427791	1.000000
0.644444	2.421139	1.000000
0.646667	2.414383	1.000000
0.648889	2.407524	1.000000
0.651111	2.400562	1.000000
0.653333	2.393497	1.000000
0.655556	2.386329	1.000000
0.657778	2.379057	1.000000
0.660000	2.371682	1.000000
0.662222	2.364204	1.000000
0.664444	2.356623	1.000000
0.666667	2.348939	1.000000
0.668889	2.341151	1.000000
0.671111	2.333260	1.000000
0.673333	2.325266	1.000000
0.675556	2.317169	1.000000
0.677778	2.308968	1.000000
0.680000	2.300664	1.000000
0.682222	2.292257	1.000000
0.684444	2.283747	1.000000
0.686667	2.275133	1.000000
0.688889	2.266417	1.000000
0.691111	2.257596	1.000000
0.693333	2.248673	1.000000
0.695556	2.239647	1.000000
0.697778	2.230517	1.000000
0.700000	2.221284	1.000000
0.702222	2.211947	1.000000
0.704444	2.202508	1.000000
0.706667	2.192965	1.000000
0.708889	2.183319	1.000000
0.711111	2.173569	1.000000
0.713333	2.163716	1.000000
0.715556	2.153760	1.000000
0.717778	2.143701	1.000000
0.720000	2.133538	1.000000
0.722222	2.123272	1.000000
0.724444	2.112903	1.000000
0.726667	2.102430	1.000000
0.728889	2.091855	1.000000
0.731111	2.081175	1.000000
0.733333	2.070393	1.000000
0.735556	2.059507	1.000000
0.737778	2.048518	1.000000
0.740000	2.037425	1.000000
0.742222	2.026229	1.000000
0.744444	2.014930	1.000000
0.746667	2.003528	1.000000
0.748889	1.992022	1.000000
0.751111	1.980413	1.000000
0.753333	1.968700	1.000000
0.755556	1.956884	1.000000
0.757778	1.944965	1.000000
0.760000	1.932942	1.000000
0.762222	1.920816	1.000000
0.764444	1.908586	1.000000
0.766667	1.896254	1.000000
0.768889	1.883817	1.000000
0.771111	1.871278	1.000000
0.773333	1.858635	1.000000
0.775556	1.845888	1.000000
0.777778	1.833039	1.000000
0.780000	1.820085	1.000000
0.782222	1.807029	1.000000
0.784444	1.793869	1.000000
0.786667	1.780605	1.000000
0.788889	1.767238	1.000000
0.791111	1.753768	1.000000
0.793333	1.740194	1.000000
0.795556	1.726517	1.000000
0.797778	1.712736	1.000000
0.800000	1.698852	1.000000
0.802222	1.684865	1.000000
0.804444	1.670774	1.000000
0.806667	1.656579	1.000000
0.808889	1.642281	1.000000
0.811111	1.627880	1.000000
0.813333	1.613375	1.000000
0.815556	1.598766	1.000000
0.817778	1.584054	1.000000
0.820000	1.569239	1.000000
0.822222	1.554320	1.000000
0.824444	1.539298	1.000000
0.826667	1.524172	1.000000
0.828889	1.508942	1.000000
0.831111	1.493609	1.000000
0.833333	1.478173	1.000000
0.835556	1.462633	1.000000
0.837778	1.446989	1.000000
0.840000	1.431242	1.000000
0.842222	1.415392	1.000000
0.844444	1.399438	1.000000
0.846667	1.383380	1.000000
0.848889	1.367219	1.000000
0.851111	1.350954	1.000000
0.853333	1.334585	1.000000
0.855556	1.318113	1.000000
0.857778	1.301538	1.000000
0.860000	1.284859	1.000000
0.862222	1.268076	1.000000
0.864444	1.251190	1.000000
0.866667	1.234200	1.000000
0.868889	1.217106	1.000000
0.871111	1.199909	1.000000
0.873333	1.182608	1.000000
0.875556	1.165204	1.000000
0.877778	1.147696	1.000000
0.880000	1.130084	1.000000
0.882222	1.112369	1.000000
0.884444	1.094550	1.000000
0.886667	1.076627	1.000000
0.888889	1.058601	1.000000
0.891111	1.040471	1.000000
0.893333	1.022237	1.000000
0.895556	1.003900	1.000000
0.897778	0.985459	1.000000
0.900000	0.966914	1.000000
0.902222	0.948266	1.000000
0.904444	0.929514	1.000000
0.906667	0.910658	1.000000
0.908889	0.891699	1.000000
0.911111	0.872636	1.000000
0.913333	0.853469	1.000000
0.915556	0.834198	1.000000
0.917778	0.814824	1.000000
0.920000	0.795346	1.000000
0.922222	0.775764	1.000000
0.924444	0.756079	1.000000
0.926667	0.736289	1.000000
0.928889	0.716396	1.000000
0.931111	0.696399	1.000000
0.933333	0.676299	1.000000
0.935556	0.656094	1.000000
0.937778	0.635786	1.000000
0.940000	0.615374	1.000000
0.942222	0.594859	1.000000
0.944444	0.574239	1.000000
0.946667	0.553516	1.000000
0.948889	0.532689	1.000000
0.951111	0.511758	1.000000
0.953333	0.490723	1.000000
0.955556	0.469584	1.000000
0.957778	0.448342	1.000000
0.960000	0.426996	1.000000
0.962222	0.405546	1.000000
0.964444	0.383992	1.000000
0.966667	0.362334	1.000000
0.968889	0.340572	1.000000
0.971111	0.318707	1.000000
0.973333	0.296737	1.000000
0.975556	0.274664	1.000000
0.977778	0.252487	1.000000
0.980000	0.230206	1.000000
0.982222	0.207821	1.000000
0.984444	0.185332	1.000000
0.986667	0.162739	1.000000
0.988889	0.140042	1.000000
0.991111	0.117242	1.000000
0.993333	0.094337	1.000000
0.995556	0.071329	1.000000
0.997778	0.048216	1.000000
1.000000	0.025000	1.000000
