0.000000	0.025000	1.000000
0.002222	0.042731	1.000000
0.004444	0.060386	1.000000
0.006667	0.077966	1.000000
0.008889	0.095469	1.000000
0.011111	0.112896	1.000000
0.013333	0.130247	1.000000
0.015556	0.147522	1.000000
0.017778	0.164721	1.000000
0.020000	0.181844	1.000000
0.022222	0.198891	1.000000
0.024444	0.215861	1.000000
0.026667	0.232756	1.000000
0.028889	0.249574	1.000000
0.031111	0.266315	1.000000
0.033333	0.282980	1.000000
0.035556	0.299569	1.000000
0.037778	0.316082	1.000000
0.040000	0.332518	1.000000
0.042222	0.348877	1.000000
0.044444	0.365160	1.000000
0.046667	0.381367	1.000000
0.048889	0.397496	1.000000
0.051111	0.413550	1.000000
0.053333	0.429526	1.000000
0.055556	0.445426	1.000000
0.057778	0.461249	1.000000
0.060000	0.476996	1.000000
0.062222	0.492665	1.000000
0.064444	0.508258	1.000000
0.066667	0.523774	1.000000
0.068889	0.539213	1.000000
0.071111	0.554575	1.000000
0.073333	0.569860	1.000000
0.075556	0.585069	1.000000
0.077778	0.600200	1.000000
0.080000	0.615254	1.000000
0.082222	0.630231	1.000000
0.084444	0.645131	1.000000
0.086667	0.659954	1.000000
0.088889	0.674699	1.000000
0.091111	0.689367	1.000000
0.093333	0.703959	1.000000
0.095556	0.718472	1.000000
0.097778	0.732909	1.000000
0.100000	0.747268	1.000000
0.102222	0.761550	1.000000
0.104444	0.775754	1.000000
0.106667	0.789881	1.000000
0.108889	0.803930	1.000000
0.111111	0.817902	1.000000
0.113333	0.831797	1.000000
0.115556	0.845614	1.000000
0.117778	0.859353	1.000000
0.120000	0.873014	1.000000
0.122222	0.886598	1.000000
0.124444	0.900104	1.000000
0.126667	0.913533	1.000000
0.128889	0.926884	1.000000
0.131111	0.940157	1.000000
0.133333	0.953352	1.000000
0.135556	0.966469	1.000000
0.137778	0.979508	1.000000
0.140000	0.992470	1.000000
0.142222	1.005353	1.000000
0.144444	1.018159	1.000000
0.146667	1.030886	1.000000
0.148889	1.043536	1.000000
0.151111	1.056107	1.000000
0.153333	1.068600	1.000000
0.155556	1.081015	1.000000
0.157778	1.093352	1.000000
0.160000	1.105611	1.000000
0.162222	1.117792	1.000000
0.164444	1.129894	1.000000
0.166667	1.141918	1.000000
0.168889	1.153864	1.000000
0.171111	1.165731	1.000000
0.173333	1.177520	1.000000
0.175556	1.189231	1.000000
0.177778	1.200863	1.000000
0.180000	1.212417	1.000000
0.182222	1.223892	1.000000
0.184444	1.235289	1.000000
0.186667	1.246607	1.000000
0.188889	1.257847	1.000000
0.191111	1.269008	1.000000
0.193333	1.280090	1.000000
0.195556	1.291094	1.000000
0.197778	1.302019	1.000000
0.200000	1.312866	1.000000
0.202222	1.323633	1.000000
0.204444	1.334322	1.000000
0.206667	1.344932	1.000000
0.208889	1.355464	1.000000
0.211111	1.365916	1.000000
0.213333	1.376290	1.000000
0.215556	1.386584	1.000000
0.217778	1.396800	1.000000
0.220000	1.406937	1.000000
0.222222	1.416995	1.000000
0.224444	1.426973	1.000000
0.226667	1.436873	1.000000
0.228889	1.446694	1.000000
0.231111	1.456436	1.000000
0.233333	1.466098	1.000000
0.235556	1.475682	1.000000
0.237778	1.485186	1.000000
0.240000	1.494611	1.000000
0.242222	1.503957	1.000000
0.244444	1.513223	1.000000
0.246667	1.522411	1.000000
0.248889	1.531519	1.000000
0.251111	1.540548	1.000000
0.253333	1.549497	1.000000
0.255556	1.558367	1.000000
0.257778	1.567158	1.000000
0.260000	1.575869	1.000000
0.262222	1.584501	1.000000
0.264444	1.593054	1.000000
0.266667	1.601527	1.000000
0.268889	1.609920	1.000000
0.271111	1.618234	1.000000
0.273333	1.626469	1.000000
0.275556	1.634624	1.000000
0.277778	1.642699	1.000000
0.280000	1.650695	1.000000
0.282222	1.658611	1.000000
0.284444	1.666447	1.000000
0.286667	1.674204	1.000000
0.288889	1.681881	1.000000
0.291111	1.689478	1.000000
0.293333	1.696996	1.000000
0.295556	1.704434	1.000000
0.297778	1.711792	1.000000
0.300000	1.719070	1.000000
0.302222	1.726269	1.000000
0.304444	1.733387	1.000000
0.306667	1.740426	1.000000
0.308889	1.747385	1.000000
0.311111	1.754264	1.000000
0.313333	1.761064	1.000000
0.315556	1.767783	1.000000
0.317778	1.774422	1.000000
0.320000	1.780981	1.000000
0.322222	1.787461	1.000000
0.324444	1.793860	1.000000
0.326667	1.800179	1.000000
0.328889	1.806419	1.000000
0.331111	1.812578	1.000000
0.333333	1.818657	1.000000
0.335556	1.824656	1.000000
0.337778	1.830575	1.000000
0.340000	1.836414	1.000000
0.342222	1.842173	1.000000
0.344444	1.847851	1.000000
0.346667	1.853449	1.000000
0.348889	1.858968	1.000000
0.351111	1.864406	1.000000
0.353333	1.869763	1.000000
0.355556	1.875041	1.000000
0.357778	1.880238	1.000000
0.360000	1.885355	1.000000
0.362222	1.890392	1.000000
0.364444	1.895348	1.000000
0.366667	1.900225	1.000000
0.368889	1.905020	1.000000
0.371111	1.909736	1.000000
0.373333	1.914371	1.000000
0.375556	1.918926	1.000000
0.377778	1.923400	1.000000
0.380000	1.927794	1.000000
0.382222	1.932108	1.000000
0.384444	1.936341	1.000000
0.386667	1.940494	1.000000
0.388889	1.944566	1.000000
0.391111	1.948558	1.000000
0.393333	1.952469	1.000000
0.395556	1.956300	1.000000
0.397778	1.960051	1.000000
0.400000	1.963721	1.000000
0.402222	1.967310	1.000000
0.404444	1.970819	1.000000
0.406667	1.974248	1.000000
0.408889	1.977596	1.000000
0.411111	1.980863	1.000000
0.413333	1.984050	1.000000
0.415556	1.987156	1.000000
0.417778	1.990182	1.000000
0.420000	1.993127	1.000000
0.422222	1.995992	1.000000
0.424444	1.998776	1.000000
0.426667	2.001479	1.000000
0.428889	2.004102	1.000000
0.431111	2.006644	1.000000
0.433333	2.009105	1.000000
0.435556	2.011486	1.000000
0.437778	2.013786	1.000000
0.440000	2.016006	1.000000
0.442222	2.018145	1.000000
0.444444	2.020203	1.000000
0.446667	2.022180	1.000000
0.448889	2.024077	1.000000
0.451111	2.025894	1.000000
0.453333	2.027629	1.000000
0.455556	2.029284	1.000000
0.457778	2.030858	1.000000
0.460000	2.032352	1.000000
0.462222	2.033764	1.000000
0.464444	2.035096	1.000000
0.466667	2.036348	1.000000
0.468889	2.037518	1.000000
0.471111	2.038608	1.000000
0.473333	2.039617	1.000000
0.475556	2.040546	1.000000
0.477778	2.041394	1.000000
0.480000	2.042161	1.000000
0.482222	2.042847	1.000000
0.484444	2.043452	1.000000
0.486667	2.043977	1.000000
0.488889	2.044421	1.000000
0.491111	2.044785	1.000000
0.493333	2.045067	1.000000
0.495556	2.045269	1.000000
0.497778	2.045390	1.000000
0.500000	2.045431	1.000000
0.502222	2.045390	1.000000
0.504444	2.045269	1.000000
0.506667	2.045067	1.000000
0.508889	2.044785	1.000000
0.511111	2.044421	1.000000
0.513333	2.043977	1.000000
0.515556	2.043452	1.000000
0.517778	2.042847	1.000000
0.520000	2.042161	1.000000
0.522222	2.041394	1.000000
0.524444	2.040546	1.000000
0.526667	2.039617	1.000000
0.528889	2.038608	1.000000
0.531111	2.037518	1.000000
0.533333	2.036348	1.000000
0.535556	2.035096	1.000000
0.537778	2.033764	1.000000
0.540000	2.032352	1.000000
0.542222	2.030858	1.000000
0.544444	2.029284	1.000000
0.546667	2.027629	1.000000
0.548889	2.025894	1.000000
0.551111	2.024077	1.000000
0.553333	2.022180	1.000000
0.555556	2.020203	1.000000
0.557778	2.018145	1.000000
0.560000	2.016006	1.000000
0.562222	2.013786	1.000000
0.564444	2.011486	1.000000
0.566667	2.009105	1.000000
0.568889	2.006644	1.000000
0.571111	2.004102	1.000000
0.573333	2.001479	1.000000
0.575556	1.998776	1.000000
0.577778	1.995992	1.000000
0.580000	1.993127	1.000000
0.582222	1.990182	1.000000
0.584444	1.987156	1.000000
0.586667	1.984050	1.000000
0.588889	1.980863	1.000000
0.591111	1.977596	1.000000
0.593333	1.974248	1.000000
0.595556	1.970819	1.000000
0.597778	1.967310	1.000000
0.600000	1.963721	1.000000
0.602222	1.960051	1.000000
0.604444	1.956300	1.000000
0.606667	1.952469	1.000000
0.608889	1.948558	1.000000
0.611111	1.944566	1.000000
0.613333	1.940494	1.000000
0.615556	1.936341	1.000000
0.617778	1.932108	1.000000
0.620000	1.927794	1.000000
0.622222	1.923400	1.000000
0.624444	1.918926	1.000000
0.626667	1.914371	1.000000
0.628889	1.909736	1.000000
0.631111	1.905020	1.000000
0.633333	1.900225	1.000000
0.635556	1.895348	1.000000
0.637778	1.890392	1.000000
0.640000	1.885355	1.000000
0.642222	1.880238	1.000000
0.644444	1.875041	1.000000
0.646667	1.869763	1.000000
0.648889	1.864406	1.000000
0.651111	1.858968	1.000000
0.653333	1.853449	1.000000
0.655556	1.847851	1.000000
0.657778	1.842173	1.000000
0.660000	1.836414	1.000000
0.662222	1.830575	1.000000
0.664444	1.824656	1.000000
0.666667	1.818657	1.000000
0.668889	1.812578	1.000000
0.671111	1.806419	1.000000
0.673333	1.800179	1.000000
0.675556	1.793860	1.000000
0.677778	1.787461	1.000000
0.680000	1.780981	1.000000
0.682222	1.774422	1.000000
0.684444	1.767783	1.000000
0.686667	1.761064	1.000000
0.688889	1.754264	1.000000
0.691111	1.747385	1.000000
0.693333	1.740426	1.000000
0.695556	1.733387	1.000000
0.697778	1.726269	1.000000
0.700000	1.719070	1.000000
0.702222	1.711792	1.000000
0.704444	1.704434	1.000000
0.706667	1.696996	1.000000
0.708889	1.689478	1.000000
0.711111	1.681881	1.000000
0.713333	1.674204	1.000000
0.715556	1.666447	1.000000
0.717778	1.658611	1.000000
0.720000	1.650695	1.000000
0.722222	1.642699	1.000000
0.724444	1.634624	1.000000
0.726667	1.626469	1.000000
0.728889	1.618234	1.000000
0.731111	1.609920	1.000000
0.733333	1.601527	1.000000
0.735556	1.593054	1.000000
0.737778	1.584501	1.000000
0.740000	1.575869	1.000000
0.742222	1.567158	1.000000
0.744444	1.558367	1.000000
0.746667	1.549497	1.000000
0.748889	1.540548	1.000000
0.751111	1.531519	1.000000
0.753333	1.522411	1.000000
0.755556	1.513223	1.000000
0.757778	1.503957	1.000000
0.760000	1.494611	1.000000
0.762222	1.485186	1.000000
0.764444	1.475682	1.000000
0.766667	1.466098	1.000000
0.768889	1.456436	1.000000
0.771111	1.446694	1.000000
0.773333	1.436873	1.000000
0.775556	1.426973	1.000000
0.777778	1.416995	1.000000
0.780000	1.406937	1.000000
0.782222	1.396800	1.000000
0.784444	1.386584	1.000000
0.786667	1.376290	1.000000
0.788889	1.365916	1.000000
0.791111	1.355464	1.000000
0.793333	1.344932	1.000000
0.795556	1.334322	1.000000
0.797778	1.323633	1.000000
0.800000	1.312866	1.000000
0.802222	1.302019	1.000000
0.804444	1.291094	1.000000
0.806667	1.280090	1.000000
0.808889	1.269008	1.000000
0.811111	1.257847	1.000000
0.813333	1.246607	1.000000
0.815556	1.235289	1.000000
0.817778	1.223892	1.000000
0.820000	1.212417	1.000000
0.822222	1.200863	1.000000
0.824444	1.189231	1.000000
0.826667	1.177520	1.000000
0.828889	1.165731	1.000000
0.831111	1.153864	1.000000
0.833333	1.141918	1.000000
0.835556	1.129894	1.000000
0.837778	1.117792	1.000000
0.840000	1.105611	1.000000
0.842222	1.093352	1.000000
0.844444	1.081015	1.000000
0.846667	1.068600	1.000000
0.848889	1.056107	1.000000
0.851111	1.043536	1.000000
0.853333	1.030886	1.000000
0.855556	1.018159	1.000000
0.857778	1.005353	1.000000
0.860000	0.992470	1.000000
0.862222	0.979508	1.000000
0.864444	0.966469	1.000000
0.866667	0.953352	1.000000
0.868889	0.940157	1.000000
0.871111	0.926884	1.000000
0.873333	0.913533	1.000000
0.875556	0.900104	1.000000
0.877778	0.886598	1.000000
0.880000	0.873014	1.000000
0.882222	0.859353	1.000000
0.884444	0.845614	1.000000
0.886667	0.831797	1.000000
0.888889	0.817902	1.000000
0.891111	0.803930	1.000000
0.893333	0.789881	1.000000
0.895556	0.775754	1.000000
0.897778	0.761550	1.000000
0.900000	0.747268	1.000000
0.902222	0.732909	1.000000
0.904444	0.718472	1.000000
0.906667	0.703959	1.000000
0.908889	0.689367	1.000000
0.911111	0.674699	1.000000
0.913333	0.659954	1.000000
0.915556	0.645131	1.000000
0.917778	0.630231	1.000000
0.920000	0.615254	1.000000
0.922222	0.600200	1.000000
0.924444	0.585069	1.000000
0.926667	0.569860	1.000000
0.928889	0.554575	1.000000
0.931111	0.539213	1.000000
0.933333	0.523774	1.000000
0.935556	0.508258	1.000000
0.937778	0.492665	1.000000
0.940000	0.476996	1.000000
0.942222	0.461249	1.000000
0.944444	0.445426	1.000000
0.946667	0.429526	1.000000
0.948889	0.413550	1.000000
0.951111	0.397496	1.000000
0.953333	0.381367	1.000000
0.955556	0.365160	1.000000
0.957778	0.348877	1.000000
0.960000	0.332518	1.000000
0.962222	0.316082	1.000000
0.964444	0.299569	1.000000
0.966667	0.282980	1.000000
0.968889	0.266315	1.000000
0.971111	0.249574	1.000000
0.973333	0.232756	1.000000
0.975556	0.215861	1.000000
0.977778	0.198891	1.000000
0.980000	0.181844	1.000000
0.982222	0.164721	1.000000
0.984444	0.147522	1.000000
0.986667	0.130247	1.000000
0.988889	0.112896	1.000000
0.991111	0.095469	1.000000
0.993333	0.077966	1.000000
0.995556	0.060386	1.000000
0.997778	0.042731	1.000000
1.000000	0.025000	1.000000
