0.000000	0.025000	1.000000
0.002222	0.054795	1.000000
0.004444	0.084460	1.000000
0.006667	0.113995	1.000000
0.008889	0.143401	1.000000
0.011111	0.172677	1.000000
0.013333	0.201823	1.000000
0.015556	0.230838	1.000000
0.017778	0.259724	1.000000
0.020000	0.288480	1.000000
0.022222	0.317106	1.000000
0.024444	0.345602	1.000000
0.026667	0.373968	1.000000
0.028889	0.402204	1.000000
0.031111	0.430309	1.000000
0.033333	0.458285	1.000000
0.035556	0.486130	1.000000
0.037778	0.513845	1.000000
0.040000	0.541430	1.000000
0.042222	0.568884	1.000000
0.044444	0.596208	1.000000
0.046667	0.623402	1.000000
0.048889	0.650465	1.000000
0.051111	0.677398	1.000000
0.053333	0.704200	1.000000
0.055556	0.730872	1.000000
0.057778	0.757413	1.000000
0.060000	0.783824	1.000000
0.062222	0.810104	1.000000
0.064444	0.836254	1.000000
0.066667	0.862273	1.000000
0.068889	0.888161	1.000000
0.071111	0.913918	1.000000
0.073333	0.939545	1.000000
0.075556	0.965041	1.000000
0.077778	0.990406	1.000000
0.080000	1.015640	1.000000
0.082222	1.040743	1.000000
0.084444	1.065716	1.000000
0.086667	1.090557	1.000000
0.088889	1.115268	1.000000
0.091111	1.139847	1.000000
0.093333	1.164295	1.000000
0.095556	1.188613	1.000000
0.097778	1.212799	1.000000
0.100000	1.236854	1.000000
0.102222	1.260778	1.000000
0.104444	1.284571	1.000000
0.106667	1.308232	1.000000
0.108889	1.331762	1.000000
0.111111	1.355161	1.000000
0.113333	1.378429	1.000000
0.115556	1.401565	1.000000
0.117778	1.424570	1.000000
0.120000	1.447443	1.000000
0.122222	1.470185	1.000000
0.124444	1.492796	1.000000
0.126667	1.515275	1.000000
0.128889	1.537622	1.000000
0.131111	1.559838	1.000000
0.133333	1.581922	1.000000
0.135556	1.603875	1.000000
0.137778	1.625696	1.000000
0.140000	1.647385	1.000000
0.142222	1.668943	1.000000
0.144444	1.690369	1.000000
0.146667	1.711663	1.000000
0.148889	1.732825	1.000000
0.151111	1.753855	1.000000
0.153333	1.774754	1.000000
0.155556	1.795521	1.000000
0.157778	1.816155	1.000000
0.160000	1.836658	1.000000
0.162222	1.857029	1.000000
0.164444	1.877268	1.000000
0.166667	1.897374	1.000000
0.168889	1.917349	1.000000
0.171111	1.937192	1.000000
0.173333	1.956902	1.000000
0.175556	1.976480	1.000000
0.177778	1.995926	1.000000
0.180000	2.015240	1.000000
0.182222	2.034422	1.000000
0.184444	2.053471	1.000000
0.186667	2.072388	1.000000
0.188889	2.091173	1.000000
0.191111	2.109826	1.000000
0.193333	2.128346	1.000000
0.195556	2.146733	1.000000
0.197778	2.164989	1.000000
0.200000	2.183111	1.000000
0.202222	2.201102	1.000000
0.204444	2.218960	1.000000
0.206667	2.236685	1.000000
0.208889	2.254278	1.000000
0.211111	2.271738	1.000000
0.213333	2.289065	1.000000
0.215556	2.306260	1.000000
0.217778	2.323322	1.000000
0.220000	2.340252	1.000000
0.222222	2.357049	1.000000
0.224444	2.373713	1.000000
0.226667	2.390244	1.000000
0.228889	2.406642	1.000000
0.231111	2.422908	1.000000
0.233333	2.439041	1.000000
0.235556	2.455041	1.000000
0.237778	2.470908	1.000000
0.240000	2.486642	1.000000
0.242222	2.502244	1.000000
0.244444	2.517712	1.000000
0.246667	2.533047	1.000000
0.248889	2.548249	1.000000
0.251111	2.563319	1.000000
0.253333	2.578255	1.000000
0.255556	2.593058	1.000000
0.257778	2.607728	1.000000
0.260000	2.622265	1.000000
0.262222	2.636669	1.000000
0.264444	2.650940	1.000000
0.266667	2.665077	1.000000
0.268889	2.679081	1.000000
0.271111	2.692952	1.000000
0.273333	2.706690	1.000000
0.275556	2.720294	1.000000
0.277778	2.733766	1.000000
0.280000	2.747103	1.000000
0.282222	2.760308	1.000000
0.284444	2.773379	1.000000
0.286667	2.786317	1.000000
0.288889	2.799121	1.000000
0.291111	2.811792	1.000000
0.293333	2.824330	1.000000
0.295556	2.836734	1.000000
0.297778	2.849004	1.000000
0.300000	2.861141	1.000000
0.302222	2.873145	1.000000
0.304444	2.885015	1.000000
0.306667	2.896751	1.000000
0.308889	2.908354	1.000000
0.311111	2.919823	1.000000
0.313333	2.931159	1.000000
0.315556	2.942361	1.000000
0.317778	2.953429	1.000000
0.320000	2.964364	1.000000
0.322222	2.975165	1.000000
0.324444	2.985832	1.000000
0.326667	2.996366	1.000000
0.328889	3.006766	1.000000
0.331111	3.017032	1.000000
0.333333	3.027164	1.000000
0.335556	3.037163	1.000000
0.337778	3.047028	1.000000
0.340000	3.056759	1.000000
0.342222	3.066356	1.000000
0.344444	3.075819	1.000000
0.346667	3.085148	1.000000
0.348889	3.094344	1.000000
0.351111	3.103405	1.000000
0.353333	3.112333	1.000000
0.355556	3.121127	1.000000
0.357778	3.129786	1.000000
0.360000	3.138312	1.000000
0.362222	3.146704	1.000000
0.364444	3.154962	1.000000
0.366667	3.163086	1.000000
0.368889	3.171076	1.000000
0.371111	3.178932	1.000000
0.373333	3.186653	1.000000
0.375556	3.194241	1.000000
0.377778	3.201695	1.000000
0.380000	3.209015	1.000000
0.382222	3.216200	1.000000
0.384444	3.223252	1.000000
0.386667	3.230169	1.000000
0.388889	3.236952	1.000000
0.391111	3.243601	1.000000
0.393333	3.250116	1.000000
0.395556	3.256497	1.000000
0.397778	3.262743	1.000000
0.400000	3.268856	1.000000
0.402222	3.274834	1.000000
0.404444	3.280678	1.000000
0.406667	3.286388	1.000000
0.408889	3.291964	1.000000
0.411111	3.297405	1.000000
0.413333	3.302712	1.000000
0.415556	3.307885	1.000000
0.417778	3.312924	1.000000
0.420000	3.317828	1.000000
0.422222	3.322598	1.000000
0.424444	3.327234	1.000000
0.426667	3.331736	1.000000
0.428889	3.336103	1.000000
0.431111	3.340336	1.000000
0.433333	3.344434	1.000000
0.435556	3.348399	1.000000
0.437778	3.352229	1.000000
0.440000	3.355925	1.000000
0.442222	3.359486	1.000000
0.444444	3.362913	1.000000
0.446667	3.366206	1.000000
0.448889	3.369364	1.000000
0.451111	3.372388	1.000000
0.453333	3.375277	1.000000
0.455556	3.378033	1.000000
0.457778	3.380654	1.000000
0.460000	3.383140	1.000000
0.462222	3.385492	1.000000
0.464444	3.387710	1.000000
0.466667	3.389793	1.000000
0.468889	3.391742	1.000000
0.471111	3.393557	1.000000
0.473333	3.395237	1.000000
0.475556	3.396783	1.000000
0.477778	3.398194	1.000000
0.480000	3.399471	1.000000
0.482222	3.400613	1.000000
0.484444	3.401621	1.000000
0.486667	3.402495	1.000000
0.488889	3.403234	1.000000
0.491111	3.403839	1.000000
0.493333	3.404310	1.000000
0.495556	3.404646	1.000000
0.497778	3.404847	1.000000
0.500000	3.404915	1.000000
0.502222	3.404847	1.000000
0.504444	3.404646	1.000000
0.506667	3.404310	1.000000
0.508889	3.403839	1.000000
0.511111	3.403234	1.000000
0.513333	3.402495	1.000000
0.515556	3.401621	1.000000
0.517778	3.400613	1.000000
0.520000	3.399471	1.000000
0.522222	3.398194	1.000000
0.524444	3.396783	1.000000
0.526667	3.395237	1.000000
0.528889	3.393557	1.000000
0.531111	3.391742	1.000000
0.533333	3.389793	1.000000
0.535556	3.387710	1.000000
0.537778	3.385492	1.000000
0.540000	3.383140	1.000000
0.542222	3.380654	1.000000
0.544444	3.378033	1.000000
0.546667	3.375277	1.000000
0.548889	3.372388	1.000000
0.551111	3.369364	1.000000
0.553333	3.366206	1.000000
0.555556	3.362913	1.000000
0.557778	3.359486	1.000000
0.560000	3.355925	1.000000
0.562222	3.352229	1.000000
0.564444	3.348399	1.000000
0.566667	3.344434	1.000000
0.568889	3.340336	1.000000
0.571111	3.336103	1.000000
0.573333	3.331736	1.000000
0.575556	3.327234	1.000000
0.577778	3.322598	1.000000
0.580000	3.317828	1.000000
0.582222	3.312924	1.000000
0.584444	3.307885	1.000000
0.586667	3.302712	1.000000
0.588889	3.297405	1.000000
0.591111	3.291964	1.000000
0.593333	3.286388	1.000000
0.595556	3.280678	1.000000
0.597778	3.274834	1.000000
0.600000	3.268856	1.000000
0.602222	3.262743	1.000000
0.604444	3.256497	1.000000
0.606667	3.250116	1.000000
0.608889	3.243601	1.000000
0.611111	3.236952	1.000000
0.613333	3.230169	1.000000
0.615556	3.223252	1.000000
0.617778	3.216200	1.000000
0.620000	3.209015	1.000000
0.622222	3.201695	1.000000
0.624444	3.194241	1.000000
0.626667	3.186653	1.000000
0.628889	3.178932	1.000000
0.631111	3.171076	1.000000
0.633333	3.163086	1.000000
0.635556	3.154962	1.000000
0.637778	3.146704	1.000000
0.640000	3.138312	1.000000
0.642222	3.129786	1.000000
0.644444	3.121127	1.000000
0.646667	3.112333	1.000000
0.648889	3.103405	1.000000
0.651111	3.094344	1.000000
0.653333	3.085148	1.000000
0.655556	3.075819	1.000000
0.657778	3.066356	1.000000
0.660000	3.056759	1.000000
0.662222	3.047028	1.000000
0.664444	3.037163	1.000000
0.666667	3.027164	1.000000
0.668889	3.017032	1.000000
0.671111	3.006766	1.000000
0.673333	2.996366	1.000000
0.675556	2.985832	1.000000
0.677778	2.975165	1.000000
0.680000	2.964364	1.000000
0.682222	2.953429	1.000000
0.684444	2.942361	1.000000
0.686667	2.931159	1.000000
0.688889	2.919823	1.000000
0.691111	2.908354	1.000000
0.693333	2.896751	1.000000
0.695556	2.885015	1.000000
0.697778	2.873145	1.000000
0.700000	2.861141	1.000000
0.702222	2.849004	1.000000
0.704444	2.836734	1.000000
0.706667	2.824330	1.000000
0.708889	2.811792	1.000000
0.711111	2.799121	1.000000
0.713333	2.786317	1.000000
0.715556	2.773379	1.000000
0.717778	2.760308	1.000000
0.720000	2.747103	1.000000
0.722222	2.733766	1.000000
0.724444	2.720294	1.000000
0.726667	2.706690	1.000000
0.728889	2.692952	1.000000
0.731111	2.679081	1.000000
0.733333	2.665077	1.000000
0.735556	2.650940	1.000000
0.737778	2.636669	1.000000
0.740000	2.622265	1.000000
0.742222	2.607728	1.000000
0.744444	2.593058	1.000000
0.746667	2.578255	1.000000
0.748889	2.563319	1.000000
0.751111	2.548249	1.000000
0.753333	2.533047	1.000000
0.755556	2.517712	1.000000
0.757778	2.502244	1.000000
0.760000	2.486642	1.000000
0.762222	2.470908	1.000000
0.764444	2.455041	1.000000
0.766667	2.439041	1.000000
0.768889	2.422908	1.000000
0.771111	2.406642	1.000000
0.773333	2.390244	1.000000
0.775556	2.373713	1.000000
0.777778	2.357049	1.000000
0.780000	2.340252	1.000000
0.782222	2.323322	1.000000
0.784444	2.306260	1.000000
0.786667	2.289065	1.000000
0.788889	2.271738	1.000000
0.791111	2.254278	1.000000
0.793333	2.236685	1.000000
0.795556	2.218960	1.000000
0.797778	2.201102	1.000000
0.800000	2.183111	1.000000
0.802222	2.164989	1.000000
0.804444	2.146733	1.000000
0.806667	2.128346	1.000000
0.808889	2.109826	1.000000
0.811111	2.091173	1.000000
0.813333	2.072388	1.000000
0.815556	2.053471	1.000000
0.817778	2.034422	1.000000
0.820000	2.015240	1.000000
0.822222	1.995926	1.000000
0.824444	1.976480	1.000000
0.826667	1.956902	1.000000
0.828889	1.937192	1.000000
0.831111	1.917349	1.000000
0.833333	1.897374	1.000000
0.835556	1.877268	1.000000
0.837778	1.857029	1.000000
0.840000	1.836658	1.000000
0.842222	1.816155	1.000000
0.844444	1.795521	1.000000
0.846667	1.774754	1.000000
0.848889	1.753855	1.000000
0.851111	1.732825	1.000000
0.853333	1.711663	1.000000
0.855556	1.690369	1.000000
0.857778	1.668943	1.000000
0.860000	1.647385	1.000000
0.862222	1.625696	1.000000
0.864444	1.603875	1.000000
0.866667	1.581922	1.000000
0.868889	1.559838	1.000000
0.871111	1.537622	1.000000
0.873333	1.515275	1.000000
0.875556	1.492796	1.000000
0.877778	1.470185	1.000000
0.880000	1.447443	1.000000
0.882222	1.424570	1.000000
0.884444	1.401565	1.000000
0.886667	1.378429	1.000000
0.888889	1.355161	1.000000
0.891111	1.331762	1.000000
0.893333	1.308232	1.000000
0.895556	1.284571	1.000000
0.897778	1.260778	1.000000
0.900000	1.236854	1.000000
0.902222	1.212799	1.000000
0.904444	1.188613	1.000000
0.906667	1.164295	1.000000
0.908889	1.139847	1.000000
0.911111	1.115268	1.000000
0.913333	1.090557	1.000000
0.915556	1.065716	1.000000
0.917778	1.040743	1.000000
0.920000	1.015640	1.000000
0.922222	0.990406	1.000000
0.924444	0.965041	1.000000
0.926667	0.939545	1.000000
0.928889	0.913918	1.000000
0.931111	0.888161	1.000000
0.933333	0.862273	1.000000
0.935556	0.836254	1.000000
0.937778	0.810104	1.000000
0.940000	0.783824	1.000000
0.942222	0.757413	1.000000
0.944444	0.730872	1.000000
0.946667	0.704200	1.000000
0.948889	0.677398	1.000000
0.951111	0.650465	1.000000
0.953333	0.623402	1.000000
0.955556	0.596208	1.000000
0.957778	0.568884	1.000000
0.960000	0.541430	1.000000
0.962222	0.513845	1.000000
0.964444	0.486130	1.000000
0.966667	0.458285	1.000000
0.968889	0.430309	1.000000
0.971111	0.402204	1.000000
0.973333	0.373968	1.000000
0.975556	0.345602	1.000000
0.977778	0.317106	1.000000
0.980000	0.288480	1.000000
0.982222	0.259724	1.000000
0.984444	0.230838	1.000000
0.986667	0.201823	1.000000
0.988889	0.172677	1.000000
0.991111	0.143401	1.000000
0.993333	0.113995	1.000000
0.995556	0.084460	1.000000
0.997778	0.054795	1.000000
1.000000	0.025000	1.000000
