0.000000	0.025000	1.000000
0.002222	0.054795	1.000000
0.004444	0.084460	1.000000
0.006667	0.113995	1.000000
0.008889	0.143400	1.000000
0.011111	0.172676	1.000000
0.013333	0.201821	1.000000
0.015556	0.230837	1.000000
0.017778	0.259723	1.000000
0.020000	0.288479	1.000000
0.022222	0.317105	1.000000
0.024444	0.345600	1.000000
0.026667	0.373966	1.000000
0.028889	0.402201	1.000000
0.031111	0.430307	1.000000
0.033333	0.458282	1.000000
0.035556	0.486127	1.000000
0.037778	0.513842	1.000000
0.040000	0.541426	1.000000
0.042222	0.568881	1.000000
0.044444	0.596204	1.000000
0.046667	0.623398	1.000000
0.048889	0.650461	1.000000
0.051111	0.677394	1.000000
0.053333	0.704196	1.000000
0.055556	0.730867	1.000000
0.057778	0.757409	1.000000
0.060000	0.783819	1.000000
0.062222	0.810099	1.000000
0.064444	0.836248	1.000000
0.066667	0.862267	1.000000
0.068889	0.888155	1.000000
0.071111	0.913912	1.000000
0.073333	0.939539	1.000000
0.075556	0.965035	1.000000
0.077778	0.990399	1.000000
0.080000	1.015633	1.000000
0.082222	1.040737	1.000000
0.084444	1.065709	1.000000
0.086667	1.090550	1.000000
0.088889	1.115260	1.000000
0.091111	1.139840	1.000000
0.093333	1.164288	1.000000
0.095556	1.188605	1.000000
0.097778	1.212791	1.000000
0.100000	1.236846	1.000000
0.102222	1.260770	1.000000
0.104444	1.284562	1.000000
0.106667	1.308223	1.000000
0.108889	1.331753	1.000000
0.111111	1.355152	1.000000
0.113333	1.378420	1.000000
0.115556	1.401556	1.000000
0.117778	1.424560	1.000000
0.120000	1.447434	1.000000
0.122222	1.470175	1.000000
0.124444	1.492786	1.000000
0.126667	1.515265	1.000000
0.128889	1.537612	1.000000
0.131111	1.559828	1.000000
0.133333	1.581912	1.000000
0.135556	1.603864	1.000000
0.137778	1.625685	1.000000
0.140000	1.647374	1.000000
0.142222	1.668931	1.000000
0.144444	1.690357	1.000000
0.146667	1.711651	1.000000
0.148889	1.732813	1.000000
0.151111	1.753843	1.000000
0.153333	1.774742	1.000000
0.155556	1.795508	1.000000
0.157778	1.816143	1.000000
0.160000	1.836645	1.000000
0.162222	1.857016	1.000000
0.164444	1.877255	1.000000
0.166667	1.897361	1.000000
0.168889	1.917336	1.000000
0.171111	1.937178	1.000000
0.173333	1.956888	1.000000
0.175556	1.976466	1.000000
0.177778	1.995912	1.000000
0.180000	2.015226	1.000000
0.182222	2.034408	1.000000
0.184444	2.053457	1.000000
0.186667	2.072374	1.000000
0.188889	2.091159	1.000000
0.191111	2.109811	1.000000
0.193333	2.128331	1.000000
0.195556	2.146718	1.000000
0.197778	2.164973	1.000000
0.200000	2.183096	1.000000
0.202222	2.201086	1.000000
0.204444	2.218944	1.000000
0.206667	2.236669	1.000000
0.208889	2.254261	1.000000
0.211111	2.271721	1.000000
0.213333	2.289049	1.000000
0.215556	2.306243	1.000000
0.217778	2.323306	1.000000
0.220000	2.340235	1.000000
0.222222	2.357032	1.000000
0.224444	2.373696	1.000000
0.226667	2.390227	1.000000
0.228889	2.406625	1.000000
0.231111	2.422891	1.000000
0.233333	2.439023	1.000000
0.235556	2.455023	1.000000
0.237778	2.470890	1.000000
0.240000	2.486624	1.000000
0.242222	2.502225	1.000000
0.244444	2.517694	1.000000
0.246667	2.533029	1.000000
0.248889	2.548231	1.000000
0.251111	2.563300	1.000000
0.253333	2.578236	1.000000
0.255556	2.593039	1.000000
0.257778	2.607709	1.000000
0.260000	2.622246	1.000000
0.262222	2.636650	1.000000
0.264444	2.650920	1.000000
0.266667	2.665057	1.000000
0.268889	2.679062	1.000000
0.271111	2.692932	1.000000
0.273333	2.706670	1.000000
0.275556	2.720274	1.000000
0.277778	2.733745	1.000000
0.280000	2.747083	1.000000
0.282222	2.760288	1.000000
0.284444	2.773359	1.000000
0.286667	2.786296	1.000000
0.288889	2.799100	1.000000
0.291111	2.811771	1.000000
0.293333	2.824309	1.000000
0.295556	2.836713	1.000000
0.297778	2.848983	1.000000
0.300000	2.861120	1.000000
0.302222	2.873123	1.000000
0.304444	2.884993	1.000000
0.306667	2.896730	1.000000
0.308889	2.908332	1.000000
0.311111	2.919802	1.000000
0.313333	2.931137	1.000000
0.315556	2.942339	1.000000
0.317778	2.953407	1.000000
0.320000	2.964342	1.000000
0.322222	2.975143	1.000000
0.324444	2.985810	1.000000
0.326667	2.996344	1.000000
0.328889	3.006743	1.000000
0.331111	3.017009	1.000000
0.333333	3.027142	1.000000
0.335556	3.037140	1.000000
0.337778	3.047005	1.000000
0.340000	3.056735	1.000000
0.342222	3.066332	1.000000
0.344444	3.075796	1.000000
0.346667	3.085125	1.000000
0.348889	3.094320	1.000000
0.351111	3.103382	1.000000
0.353333	3.112309	1.000000
0.355556	3.121103	1.000000
0.357778	3.129763	1.000000
0.360000	3.138288	1.000000
0.362222	3.146680	1.000000
0.364444	3.154938	1.000000
0.366667	3.163062	1.000000
0.368889	3.171052	1.000000
0.371111	3.178907	1.000000
0.373333	3.186629	1.000000
0.375556	3.194217	1.000000
0.377778	3.201671	1.000000
0.380000	3.208990	1.000000
0.382222	3.216176	1.000000
0.384444	3.223227	1.000000
0.386667	3.230144	1.000000
0.388889	3.236927	1.000000
0.391111	3.243576	1.000000
0.393333	3.250091	1.000000
0.395556	3.256472	1.000000
0.397778	3.262718	1.000000
0.400000	3.268831	1.000000
0.402222	3.274809	1.000000
0.404444	3.280653	1.000000
0.406667	3.286363	1.000000
0.408889	3.291938	1.000000
0.411111	3.297380	1.000000
0.413333	3.302687	1.000000
0.415556	3.307860	1.000000
0.417778	3.312898	1.000000
0.420000	3.317803	1.000000
0.422222	3.322573	1.000000
0.424444	3.327208	1.000000
0.426667	3.331710	1.000000
0.428889	3.336077	1.000000
0.431111	3.340310	1.000000
0.433333	3.344409	1.000000
0.435556	3.348373	1.000000
0.437778	3.352203	1.000000
0.440000	3.355899	1.000000
0.442222	3.359460	1.000000
0.444444	3.362887	1.000000
0.446667	3.366180	1.000000
0.448889	3.369338	1.000000
0.451111	3.372362	1.000000
0.453333	3.375251	1.000000
0.455556	3.378007	1.000000
0.457778	3.380627	1.000000
0.460000	3.383114	1.000000
0.462222	3.385466	1.000000
0.464444	3.387684	1.000000
0.466667	3.389767	1.000000
0.468889	3.391716	1.000000
0.471111	3.393530	1.000000
0.473333	3.395211	1.000000
0.475556	3.396756	1.000000
0.477778	3.398168	1.000000
0.480000	3.399445	1.000000
0.482222	3.400587	1.000000
0.484444	3.401595	1.000000
0.486667	3.402469	1.000000
0.488889	3.403208	1.000000
0.491111	3.403813	1.000000
0.493333	3.404283	1.000000
0.495556	3.404619	1.000000
0.497778	3.404821	1.000000
0.500000	3.404888	1.000000
0.502222	3.404821	1.000000
0.504444	3.404619	1.000000
0.506667	3.404283	1.000000
0.508889	3.403813	1.000000
0.511111	3.403208	1.000000
0.513333	3.402469	1.000000
0.515556	3.401595	1.000000
0.517778	3.400587	1.000000
0.520000	3.399445	1.000000
0.522222	3.398168	1.000000
0.524444	3.396756	1.000000
0.526667	3.395211	1.000000
0.528889	3.393530	1.000000
0.531111	3.391716	1.000000
0.533333	3.389767	1.000000
0.535556	3.387684	1.000000
0.537778	3.385466	1.000000
0.540000	3.383114	1.000000
0.542222	3.380627	1.000000
0.544444	3.378007	1.000000
0.546667	3.375251	1.000000
0.548889	3.372362	1.000000
0.551111	3.369338	1.000000
0.553333	3.366180	1.000000
0.555556	3.362887	1.000000
0.557778	3.359460	1.000000
0.560000	3.355899	1.000000
0.562222	3.352203	1.000000
0.564444	3.348373	1.000000
0.566667	3.344409	1.000000
0.568889	3.340310	1.000000
0.571111	3.336077	1.000000
0.573333	3.331710	1.000000
0.575556	3.327208	1.000000
0.577778	3.322573	1.000000
0.580000	3.317803	1.000000
0.582222	3.312898	1.000000
0.584444	3.307860	1.000000
0.586667	3.302687	1.000000
0.588889	3.297380	1.000000
0.591111	3.291938	1.000000
0.593333	3.286363	1.000000
0.595556	3.280653	1.000000
0.597778	3.274809	1.000000
0.600000	3.268831	1.000000
0.602222	3.262718	1.000000
0.604444	3.256472	1.000000
0.606667	3.250091	1.000000
0.608889	3.243576	1.000000
0.611111	3.236927	1.000000
0.613333	3.230144	1.000000
0.615556	3.223227	1.000000
0.617778	3.216176	1.000000
0.620000	3.208990	1.000000
0.622222	3.201671	1.000000
0.624444	3.194217	1.000000
0.626667	3.186629	1.000000
0.628889	3.178907	1.000000
0.631111	3.171052	1.000000
0.633333	3.163062	1.000000
0.635556	3.154938	1.000000
0.637778	3.146680	1.000000
0.640000	3.138288	1.000000
0.642222	3.129763	1.000000
0.644444	3.121103	1.000000
0.646667	3.112309	1.000000
0.648889	3.103382	1.000000
0.651111	3.094320	1.000000
0.653333	3.085125	1.000000
0.655556	3.075796	1.000000
0.657778	3.066332	1.000000
0.660000	3.056735	1.000000
0.662222	3.047005	1.000000
0.664444	3.037140	1.000000
0.666667	3.027142	1.000000
0.668889	3.017009	1.000000
0.671111	3.006743	1.000000
0.673333	2.996344	1.000000
0.675556	2.985810	1.000000
0.677778	2.975143	1.000000
0.680000	2.964342	1.000000
0.682222	2.953407	1.000000
0.684444	2.942339	1.000000
0.686667	2.931137	1.000000
0.688889	2.919802	1.000000
0.691111	2.908332	1.000000
0.693333	2.896730	1.000000
0.695556	2.884993	1.000000
0.697778	2.873123	1.000000
0.700000	2.861120	1.000000
0.702222	2.848983	1.000000
0.704444	2.836713	1.000000
0.706667	2.824309	1.000000
0.708889	2.811771	1.000000
0.711111	2.799100	1.000000
0.713333	2.786296	1.000000
0.715556	2.773359	1.000000
0.717778	2.760288	1.000000
0.720000	2.747083	1.000000
0.722222	2.733745	1.000000
0.724444	2.720274	1.000000
0.726667	2.706670	1.000000
0.728889	2.692932	1.000000
0.731111	2.679062	1.000000
0.733333	2.665057	1.000000
0.735556	2.650920	1.000000
0.737778	2.636650	1.000000
0.740000	2.622246	1.000000
0.742222	2.607709	1.000000
0.744444	2.593039	1.000000
0.746667	2.578236	1.000000
0.748889	2.563300	1.000000
0.751111	2.548231	1.000000
0.753333	2.533029	1.000000
0.755556	2.517694	1.000000
0.757778	2.502225	1.000000
0.760000	2.486624	1.000000
0.762222	2.470890	1.000000
0.764444	2.455023	1.000000
0.766667	2.439023	1.000000
0.768889	2.422891	1.000000
0.771111	2.406625	1.000000
0.773333	2.390227	1.000000
0.775556	2.373696	1.000000
0.777778	2.357032	1.000000
0.780000	2.340235	1.000000
0.782222	2.323306	1.000000
0.784444	2.306243	1.000000
0.786667	2.289049	1.000000
0.788889	2.271721	1.000000
0.791111	2.254261	1.000000
0.793333	2.236669	1.000000
0.795556	2.218944	1.000000
0.797778	2.201086	1.000000
0.800000	2.183096	1.000000
0.802222	2.164973	1.000000
0.804444	2.146718	1.000000
0.806667	2.128331	1.000000
0.808889	2.109811	1.000000
0.811111	2.091159	1.000000
0.813333	2.072374	1.000000
0.815556	2.053457	1.000000
0.817778	2.034408	1.000000
0.820000	2.015226	1.000000
0.822222	1.995912	1.000000
0.824444	1.976466	1.000000
0.826667	1.956888	1.000000
0.828889	1.937178	1.000000
0.831111	1.917336	1.000000
0.833333	1.897361	1.000000
0.835556	1.877255	1.000000
0.837778	1.857016	1.000000
0.840000	1.836645	1.000000
0.842222	1.816143	1.000000
0.844444	1.795508	1.000000
0.846667	1.774742	1.000000
0.848889	1.753843	1.000000
0.851111	1.732813	1.000000
0.853333	1.711651	1.000000
0.855556	1.690357	1.000000
0.857778	1.668931	1.000000
0.860000	1.647374	1.000000
0.862222	1.625685	1.000000
0.864444	1.603864	1.000000
0.866667	1.581912	1.000000
0.868889	1.559828	1.000000
0.871111	1.537612	1.000000
0.873333	1.515265	1.000000
0.875556	1.492786	1.000000
0.877778	1.470175	1.000000
0.880000	1.447434	1.000000
0.882222	1.424560	1.000000
0.884444	1.401556	1.000000
0.886667	1.378420	1.000000
0.888889	1.355152	1.000000
0.891111	1.331753	1.000000
0.893333	1.308223	1.000000
0.895556	1.284562	1.000000
0.897778	1.260770	1.000000
0.900000	1.236846	1.000000
0.902222	1.212791	1.000000
0.904444	1.188605	1.000000
0.906667	1.164288	1.000000
0.908889	1.139840	1.000000
0.911111	1.115260	1.000000
0.913333	1.090550	1.000000
0.915556	1.065709	1.000000
0.917778	1.040737	1.000000
0.920000	1.015633	1.000000
0.922222	0.990399	1.000000
0.924444	0.965035	1.000000
0.926667	0.939539	1.000000
0.928889	0.913912	1.000000
0.931111	0.888155	1.000000
0.933333	0.862267	1.000000
0.935556	0.836248	1.000000
0.937778	0.810099	1.000000
0.940000	0.783819	1.000000
0.942222	0.757409	1.000000
0.944444	0.730867	1.000000
0.946667	0.704196	1.000000
0.948889	0.677394	1.000000
0.951111	0.650461	1.000000
0.953333	0.623398	1.000000
0.955556	0.596204	1.000000
0.957778	0.568881	1.000000
0.960000	0.541426	1.000000
0.962222	0.513842	1.000000
0.964444	0.486127	1.000000
0.966667	0.458282	1.000000
0.968889	0.430307	1.000000
0.971111	0.402201	1.000000
0.973333	0.373966	1.000000
0.975556	0.345600	1.000000
0.977778	0.317105	1.000000
0.980000	0.288479	1.000000
0.982222	0.259723	1.000000
0.984444	0.230837	1.000000
0.986667	0.201821	1.000000
0.988889	0.172676	1.000000
0.991111	0.143400	1.000000
0.993333	0.113995	1.000000
0.995556	0.084460	1.000000
0.997778	0.054795	1.000000
1.000000	0.025000	1.000000
