0.000000	0.025000	1.000000
0.002222	0.020413	1.000000
0.004444	0.016289	1.000000
0.006667	0.012630	1.000000
0.008889	0.009435	1.000000
0.011111	0.006703	1.000000
0.013333	0.004435	1.000000
0.015556	0.002630	1.000000
0.017778	0.001289	1.000000
0.020000	0.000413	1.000000
0.022222	0.000000	0.997282
0.024444	0.000000	0.929632
0.026667	0.000000	0.900957
0.028889	0.000000	0.888608
0.031111	0.000000	0.881575
0.033333	0.000000	0.877151
0.035556	0.000000	0.874156
0.037778	0.000000	0.872043
0.040000	0.000000	0.870561
0.042222	0.000000	0.869462
0.044444	0.000000	0.868589
0.046667	0.000000	0.867975
0.048889	0.000000	0.867460
0.051111	0.000000	0.867039
0.053333	0.000000	0.866712
0.055556	0.000000	0.866476
0.057778	0.000000	0.866301
0.060000	0.000000	0.866039
0.062222	0.000000	0.866008
0.064444	0.000000	0.865758
0.066667	0.000000	0.865758
0.068889	0.000000	0.865623
0.071111	0.000000	0.865543
0.073333	0.000000	0.865543
0.075556	0.000000	0.865450
0.077778	0.000000	0.865365
0.080000	0.000000	0.865365
0.082222	0.000000	0.865365
0.084444	0.000000	0.865333
0.086667	0.000000	0.865225
0.088889	0.000000	0.865225
0.091111	0.000000	0.865225
0.093333	0.000000	0.865225
0.095556	0.000000	0.865225
0.097778	0.000000	0.865225
0.100000	0.000000	0.865149
0.102222	0.000000	0.865121
0.104444	0.000000	0.865121
0.106667	0.000000	0.865121
0.108889	0.000000	0.865121
0.111111	0.000000	0.865121
0.113333	0.000000	0.865121
0.115556	0.000000	0.865121
0.117778	0.000000	0.865121
0.120000	0.000000	0.865121
0.122222	0.000000	0.865121
0.124444	0.000000	0.865110
0.126667	0.000000	0.865056
0.128889	0.000000	0.865056
0.131111	0.000000	0.865056
0.133333	0.000000	0.865056
0.135556	0.000000	0.865056
0.137778	0.000000	0.865056
0.140000	0.000000	0.865056
0.142222	0.000000	0.865056
0.144444	0.000000	0.865056
0.146667	0.000000	0.865056
0.148889	0.000000	0.865056
0.151111	0.000000	0.865056
0.153333	0.000000	0.865056
0.155556	0.000000	0.865056
0.157778	0.000000	0.865056
0.160000	0.000000	0.865056
0.162222	0.000000	0.865056
0.164444	0.000000	0.865056
0.166667	0.000000	0.865056
0.168889	0.000000	0.865056
0.171111	0.000000	0.865056
0.173333	0.000000	0.865056
0.175556	0.000000	0.865056
0.177778	0.000000	0.865056
0.180000	0.000000	0.865056
0.182222	0.000000	0.865056
0.184444	0.000000	0.865056
0.186667	0.000000	0.865056
0.188889	0.000000	0.865056
0.191111	0.000000	0.865056
0.193333	0.000000	0.865044
0.195556	0.000000	0.865028
0.197778	0.000000	0.865028
0.200000	0.000000	0.865028
0.202222	0.000000	0.865028
0.204444	0.000000	0.865028
0.206667	0.000000	0.865028
0.208889	0.000000	0.865028
0.211111	0.000000	0.865028
0.213333	0.000000	0.865028
0.215556	0.000000	0.865028
0.217778	0.000000	0.865028
0.220000	0.000000	0.865028
0.222222	0.000000	0.865028
0.224444	0.000000	0.865028
0.226667	0.000000	0.865028
0.228889	0.000000	0.865028
0.231111	0.000000	0.865028
0.233333	0.000000	0.865028
0.235556	0.000000	0.865028
0.237778	0.000000	0.865028
0.240000	0.000000	0.865028
0.242222	0.000000	0.865028
0.244444	0.000000	0.865028
0.246667	0.000000	0.865028
0.248889	0.000000	0.865028
0.251111	0.000000	0.865028
0.253333	0.000000	0.865028
0.255556	0.000000	0.865028
0.257778	0.000000	0.865028
0.260000	0.000000	0.865028
0.262222	0.000000	0.865028
0.264444	0.000000	0.865028
0.266667	0.000000	0.865028
0.268889	0.000000	0.865028
0.271111	0.000000	0.865028
0.273333	0.000000	0.865028
0.275556	0.000000	0.865028
0.277778	0.000000	0.865028
0.280000	0.000000	0.865028
0.282222	0.000000	0.865028
0.284444	0.000000	0.865028
0.286667	0.000000	0.865028
0.288889	0.000000	0.865028
0.291111	0.000000	0.865028
0.293333	0.000000	0.865028
0.295556	0.000000	0.865028
0.297778	0.000000	0.865028
0.300000	0.000000	0.865028
0.302222	0.000000	0.865028
0.304444	0.000000	0.865028
0.306667	0.000000	0.865028
0.308889	0.000000	0.865028
0.311111	0.000000	0.865028
0.313333	0.000000	0.865028
0.315556	0.000000	0.865028
0.317778	0.000000	0.865028
0.320000	0.000000	0.865028
0.322222	0.000000	0.865028
0.324444	0.000000	0.865028
0.326667	0.000000	0.865028
0.328889	0.000000	0.865028
0.331111	0.000000	0.865028
0.333333	0.000000	0.865028
0.335556	0.000000	0.865028
0.337778	0.000000	0.865028
0.340000	0.000000	0.865028
0.342222	0.000000	0.865028
0.344444	0.000000	0.865028
0.346667	0.000000	0.865028
0.348889	0.000000	0.865028
0.351111	0.000000	0.865028
0.353333	0.000000	0.865028
0.355556	0.000000	0.865028
0.357778	0.000000	0.865028
0.360000	0.000000	0.865028
0.362222	0.000000	0.865028
0.364444	0.000000	0.865028
0.366667	0.000000	0.865028
0.368889	0.000000	0.865028
0.371111	0.000000	0.865028
0.373333	0.000000	0.865028
0.375556	0.000000	0.865028
0.377778	0.000000	0.865028
0.380000	0.000000	0.865028
0.382222	0.000000	0.865028
0.384444	0.000000	0.865028
0.386667	0.000000	0.865028
0.388889	0.000000	0.865028
0.391111	0.000000	0.865028
0.393333	0.000000	0.865028
0.395556	0.000000	0.865028
0.397778	0.000000	0.865028
0.400000	0.000000	0.865028
0.402222	0.000000	0.865028
0.404444	0.000000	0.865028
0.406667	0.000000	0.865028
0.408889	0.000000	0.865028
0.411111	0.000000	0.865028
0.413333	0.000000	0.865028
0.415556	0.000000	0.865028
0.417778	0.000000	0.865028
0.420000	0.000000	0.865028
0.422222	0.000000	0.865028
0.424444	0.000000	0.865028
0.426667	0.000000	0.865028
0.428889	0.000000	0.865028
0.431111	0.000000	0.865028
0.433333	0.000000	0.865028
0.435556	0.000000	0.865028
0.437778	0.000000	0.865028
0.440000	0.000000	0.865028
0.442222	0.000000	0.865028
0.444444	0.000000	0.865028
0.446667	0.000000	0.865028
0.448889	0.000000	0.865028
0.451111	0.000000	0.865028
0.453333	0.000000	0.865028
0.455556	0.000000	0.865028
0.457778	0.000000	0.865028
0.460000	0.000000	0.865028
0.462222	0.000000	0.865028
0.464444	0.000000	0.865028
0.466667	0.000000	0.865028
0.468889	0.000000	0.865028
0.471111	0.000000	0.865028
0.473333	0.000000	0.865028
0.475556	0.000000	0.865028
0.477778	0.000000	0.865028
0.480000	0.000000	0.865028
0.482222	0.000000	0.865028
0.484444	0.000000	0.865028
0.486667	0.000000	0.865028
0.488889	0.000000	0.865028
0.491111	0.000000	0.865028
0.493333	0.000000	0.865028
0.495556	0.000000	0.865028
0.497778	0.000000	0.865028
0.500000	0.000000	0.865028
0.502222	0.000000	0.865028
0.504444	0.000000	0.865028
0.506667	0.000000	0.865028
0.508889	0.000000	0.865028
0.511111	0.000000	0.865028
0.513333	0.000000	0.865028
0.515556	0.000000	0.865028
0.517778	0.000000	0.865028
0.520000	0.000000	0.865028
0.522222	0.000000	0.865028
0.524444	0.000000	0.865028
0.526667	0.000000	0.865028
0.528889	0.000000	0.865028
0.531111	0.000000	0.865028
0.533333	0.000000	0.865028
0.535556	0.000000	0.865028
0.537778	0.000000	0.865028
0.540000	0.000000	0.865028
0.542222	0.000000	0.865028
0.544444	0.000000	0.865028
0.546667	0.000000	0.865028
0.548889	0.000000	0.865028
0.551111	0.000000	0.865028
0.553333	0.000000	0.865028
0.555556	0.000000	0.865028
0.557778	0.000000	0.865028
0.560000	0.000000	0.865028
0.562222	0.000000	0.865028
0.564444	0.000000	0.865028
0.566667	0.000000	0.865028
0.568889	0.000000	0.865028
0.571111	0.000000	0.865028
0.573333	0.000000	0.865028
0.575556	0.000000	0.865028
0.577778	0.000000	0.865028
0.580000	0.000000	0.865028
0.582222	0.000000	0.865028
0.584444	0.000000	0.865028
0.586667	0.000000	0.865028
0.588889	0.000000	0.865028
0.591111	0.000000	0.865028
0.593333	0.000000	0.865028
0.595556	0.000000	0.865028
0.597778	0.000000	0.865028
0.600000	0.000000	0.865028
0.602222	0.000000	0.865028
0.604444	0.000000	0.865028
0.606667	0.000000	0.865028
0.608889	0.000000	0.865028
0.611111	0.000000	0.865028
0.613333	0.000000	0.865028
0.615556	0.000000	0.865028
0.617778	0.000000	0.865028
0.620000	0.000000	0.865028
0.622222	0.000000	0.865028
0.624444	0.000000	0.865028
0.626667	0.000000	0.865028
0.628889	0.000000	0.865028
0.631111	0.000000	0.865028
0.633333	0.000000	0.865028
0.635556	0.000000	0.865028
0.637778	0.000000	0.865028
0.640000	0.000000	0.865028
0.642222	0.000000	0.865028
0.644444	0.000000	0.865028
0.646667	0.000000	0.865028
0.648889	0.000000	0.865028
0.651111	0.000000	0.865028
0.653333	0.000000	0.865028
0.655556	0.000000	0.865028
0.657778	0.000000	0.865028
0.660000	0.000000	0.865028
0.662222	0.000000	0.865028
0.664444	0.000000	0.865028
0.666667	0.000000	0.865028
0.668889	0.000000	0.865028
0.671111	0.000000	0.865028
0.673333	0.000000	0.865028
0.675556	0.000000	0.865028
0.677778	0.000000	0.865028
0.680000	0.000000	0.865028
0.682222	0.000000	0.865028
0.684444	0.000000	0.865028
0.686667	0.000000	0.865028
0.688889	0.000000	0.865028
0.691111	0.000000	0.865028
0.693333	0.000000	0.865028
0.695556	0.000000	0.865028
0.697778	0.000000	0.865028
0.700000	0.000000	0.865028
0.702222	0.000000	0.865028
0.704444	0.000000	0.865028
0.706667	0.000000	0.865028
0.708889	0.000000	0.865028
0.711111	0.000000	0.865028
0.713333	0.000000	0.865028
0.715556	0.000000	0.865028
0.717778	0.000000	0.865028
0.720000	0.000000	0.865028
0.722222	0.000000	0.865028
0.724444	0.000000	0.865028
0.726667	0.000000	0.865028
0.728889	0.000000	0.865028
0.731111	0.000000	0.865028
0.733333	0.000000	0.865028
0.735556	0.000000	0.865028
0.737778	0.000000	0.865028
0.740000	0.000000	0.865028
0.742222	0.000000	0.865028
0.744444	0.000000	0.865028
0.746667	0.000000	0.865028
0.748889	0.000000	0.865028
0.751111	0.000000	0.865028
0.753333	0.000000	0.865028
0.755556	0.000000	0.865028
0.757778	0.000000	0.865028
0.760000	0.000000	0.865028
0.762222	0.000000	0.865028
0.764444	0.000000	0.865028
0.766667	0.000000	0.865028
0.768889	0.000000	0.865028
0.771111	0.000000	0.865028
0.773333	0.000000	0.865028
0.775556	0.000000	0.865028
0.777778	0.000000	0.865028
0.780000	0.000000	0.865028
0.782222	0.000000	0.865028
0.784444	0.000000	0.865028
0.786667	0.000000	0.865028
0.788889	0.000000	0.865028
0.791111	0.000000	0.865028
0.793333	0.000000	0.865028
0.795556	0.000000	0.865028
0.797778	0.000000	0.865028
0.800000	0.000000	0.865028
0.802222	0.000000	0.865028
0.804444	0.000000	0.865028
0.806667	0.000000	0.865044
0.808889	0.000000	0.865056
0.811111	0.000000	0.865056
0.813333	0.000000	0.865056
0.815556	0.000000	0.865056
0.817778	0.000000	0.865056
0.820000	0.000000	0.865056
0.822222	0.000000	0.865056
0.824444	0.000000	0.865056
0.826667	0.000000	0.865056
0.828889	0.000000	0.865056
0.831111	0.000000	0.865056
0.833333	0.000000	0.865056
0.835556	0.000000	0.865056
0.837778	0.000000	0.865056
0.840000	0.000000	0.865056
0.842222	0.000000	0.865056
0.844444	0.000000	0.865056
0.846667	0.000000	0.865056
0.848889	0.000000	0.865056
0.851111	0.000000	0.865056
0.853333	0.000000	0.865056
0.855556	0.000000	0.865056
0.857778	0.000000	0.865056
0.860000	0.000000	0.865056
0.862222	0.000000	0.865056
0.864444	0.000000	0.865056
0.866667	0.000000	0.865056
0.868889	0.000000	0.865056
0.871111	0.000000	0.865056
0.873333	0.000000	0.865056
0.875556	0.000000	0.865110
0.877778	0.000000	0.865121
0.880000	0.000000	0.865121
0.882222	0.000000	0.865121
0.884444	0.000000	0.865121
0.886667	0.000000	0.865121
0.888889	0.000000	0.865121
0.891111	0.000000	0.865121
0.893333	0.000000	0.865121
0.895556	0.000000	0.865121
0.897778	0.000000	0.865121
0.900000	0.000000	0.865149
0.902222	0.000000	0.865225
0.904444	0.000000	0.865225
0.906667	0.000000	0.865225
0.908889	0.000000	0.865225
0.911111	0.000000	0.865225
0.913333	0.000000	0.865225
0.915556	0.000000	0.865333
0.917778	0.000000	0.865365
0.920000	0.000000	0.865365
0.922222	0.000000	0.865365
0.924444	0.000000	0.865450
0.926667	0.000000	0.865543
0.928889	0.000000	0.865543
0.931111	0.000000	0.865623
0.933333	0.000000	0.865758
0.935556	0.000000	0.865758
0.937778	0.000000	0.866008
0.940000	0.000000	0.866039
0.942222	0.000000	0.866301
0.944444	0.000000	0.866476
0.946667	0.000000	0.866712
0.948889	0.000000	0.867039
0.951111	0.000000	0.867460
0.953333	0.000000	0.867975
0.955556	0.000000	0.868589
0.957778	0.000000	0.869462
0.960000	0.000000	0.870561
0.962222	0.000000	0.872043
0.964444	0.000000	0.874156
0.966667	0.000000	0.877151
0.968889	0.000000	0.881575
0.971111	0.000000	0.888608
0.973333	0.000000	0.900957
0.975556	0.000000	0.929632
0.977778	0.000000	0.997282
0.980000	0.000413	1.000000
0.982222	0.001289	1.000000
0.984444	0.002630	1.000000
0.986667	0.004435	1.000000
0.988889	0.006703	1.000000
0.991111	0.009435	1.000000
0.993333	0.012630	1.000000
0.995556	0.016289	1.000000
0.997778	0.020413	1.000000
1.000000	0.025000	1.000000
