2.222222e-04 0.000000e+00
4.444444e-04 0.000000e+00
6.666667e-04 0.000000e+00
8.888889e-04 0.000000e+00
1.111111e-03 0.000000e+00
1.333333e-03 0.000000e+00
1.555556e-03 0.000000e+00
1.777778e-03 0.000000e+00
2.000000e-03 0.000000e+00
2.222222e-03 0.000000e+00
2.444444e-03 0.000000e+00
2.666667e-03 0.000000e+00
2.888889e-03 0.000000e+00
3.111111e-03 0.000000e+00
3.333333e-03 0.000000e+00
3.555556e-03 0.000000e+00
3.777778e-03 0.000000e+00
4.000000e-03 0.000000e+00
4.222222e-03 0.000000e+00
4.444444e-03 0.000000e+00
4.666667e-03 0.000000e+00
4.888889e-03 0.000000e+00
5.111111e-03 0.000000e+00
5.333333e-03 0.000000e+00
5.555556e-03 0.000000e+00
5.777778e-03 0.000000e+00
6.000000e-03 0.000000e+00
6.222222e-03 0.000000e+00
6.444444e-03 0.000000e+00
6.666667e-03 0.000000e+00
6.888889e-03 0.000000e+00
7.111111e-03 0.000000e+00
7.333333e-03 0.000000e+00
7.555556e-03 0.000000e+00
7.777778e-03 0.000000e+00
8.000000e-03 0.000000e+00
8.222222e-03 0.000000e+00
8.444444e-03 0.000000e+00
8.666667e-03 0.000000e+00
8.888889e-03 0.000000e+00
9.111111e-03 0.000000e+00
9.333333e-03 0.000000e+00
9.555556e-03 0.000000e+00
9.777778e-03 0.000000e+00
1.000000e-02 0.000000e+00
1.022222e-02 0.000000e+00
1.044444e-02 0.000000e+00
1.066667e-02 0.000000e+00
1.088889e-02 0.000000e+00
1.111111e-02 0.000000e+00
1.133333e-02 0.000000e+00
1.155556e-02 0.000000e+00
1.177778e-02 0.000000e+00
1.200000e-02 0.000000e+00
1.222222e-02 0.000000e+00
1.244444e-02 0.000000e+00
1.266667e-02 0.000000e+00
1.288889e-02 0.000000e+00
1.311111e-02 0.000000e+00
1.333333e-02 0.000000e+00
1.355556e-02 0.000000e+00
1.377778e-02 0.000000e+00
1.400000e-02 0.000000e+00
1.422222e-02 0.000000e+00
1.444444e-02 0.000000e+00
1.466667e-02 0.000000e+00
1.488889e-02 0.000000e+00
1.511111e-02 0.000000e+00
1.533333e-02 0.000000e+00
1.555556e-02 0.000000e+00
1.577778e-02 0.000000e+00
1.600000e-02 0.000000e+00
1.622222e-02 0.000000e+00
1.644444e-02 0.000000e+00
1.666667e-02 0.000000e+00
1.688889e-02 0.000000e+00
1.711111e-02 0.000000e+00
1.733333e-02 0.000000e+00
1.755556e-02 0.000000e+00
1.777778e-02 0.000000e+00
1.800000e-02 0.000000e+00
1.822222e-02 0.000000e+00
1.844444e-02 0.000000e+00
1.866667e-02 0.000000e+00
1.888889e-02 0.000000e+00
1.911111e-02 0.000000e+00
1.933333e-02 0.000000e+00
1.955556e-02 0.000000e+00
1.977778e-02 0.000000e+00
2.000000e-02 0.000000e+00
2.022222e-02 0.000000e+00
2.044444e-02 0.000000e+00
2.066667e-02 0.000000e+00
2.088889e-02 0.000000e+00
2.111111e-02 0.000000e+00
2.133333e-02 0.000000e+00
2.155556e-02 0.000000e+00
2.177778e-02 0.000000e+00
2.200000e-02 0.000000e+00
2.222222e-02 0.000000e+00
2.244444e-02 0.000000e+00
2.266667e-02 0.000000e+00
2.288889e-02 0.000000e+00
2.311111e-02 0.000000e+00
2.333333e-02 0.000000e+00
2.355556e-02 0.000000e+00
2.377778e-02 0.000000e+00
2.400000e-02 0.000000e+00
2.422222e-02 0.000000e+00
2.444444e-02 0.000000e+00
2.466667e-02 0.000000e+00
2.488889e-02 0.000000e+00
2.511111e-02 0.000000e+00
2.533333e-02 0.000000e+00
2.555556e-02 0.000000e+00
2.577778e-02 0.000000e+00
2.600000e-02 0.000000e+00
2.622222e-02 0.000000e+00
2.644444e-02 0.000000e+00
2.666667e-02 0.000000e+00
2.688889e-02 0.000000e+00
2.711111e-02 0.000000e+00
2.733333e-02 0.000000e+00
2.755556e-02 0.000000e+00
2.777778e-02 0.000000e+00
2.800000e-02 0.000000e+00
2.822222e-02 0.000000e+00
2.844444e-02 0.000000e+00
2.866667e-02 0.000000e+00
2.888889e-02 0.000000e+00
2.911111e-02 0.000000e+00
2.933333e-02 0.000000e+00
2.955556e-02 0.000000e+00
2.977778e-02 0.000000e+00
3.000000e-02 0.000000e+00
3.022222e-02 0.000000e+00
3.044444e-02 0.000000e+00
3.066667e-02 0.000000e+00
3.088889e-02 0.000000e+00
3.111111e-02 0.000000e+00
3.133333e-02 0.000000e+00
3.155556e-02 0.000000e+00
3.177778e-02 0.000000e+00
3.200000e-02 0.000000e+00
3.222222e-02 0.000000e+00
3.244444e-02 0.000000e+00
3.266667e-02 0.000000e+00
3.288889e-02 0.000000e+00
3.311111e-02 0.000000e+00
3.333333e-02 0.000000e+00
3.355556e-02 0.000000e+00
3.377778e-02 0.000000e+00
3.400000e-02 0.000000e+00
3.422222e-02 0.000000e+00
3.444444e-02 0.000000e+00
3.466667e-02 0.000000e+00
3.488889e-02 0.000000e+00
3.511111e-02 0.000000e+00
3.533333e-02 0.000000e+00
3.555556e-02 0.000000e+00
3.577778e-02 0.000000e+00
3.600000e-02 0.000000e+00
3.622222e-02 0.000000e+00
3.644444e-02 0.000000e+00
3.666667e-02 0.000000e+00
3.688889e-02 0.000000e+00
3.711111e-02 0.000000e+00
3.733333e-02 0.000000e+00
3.755556e-02 0.000000e+00
3.777778e-02 0.000000e+00
3.800000e-02 0.000000e+00
3.822222e-02 0.000000e+00
3.844444e-02 0.000000e+00
3.866667e-02 0.000000e+00
3.888889e-02 0.000000e+00
3.911111e-02 0.000000e+00
3.933333e-02 0.000000e+00
3.955556e-02 0.000000e+00
3.977778e-02 0.000000e+00
4.000000e-02 0.000000e+00
4.022222e-02 0.000000e+00
4.044444e-02 0.000000e+00
4.066667e-02 0.000000e+00
4.088889e-02 0.000000e+00
4.111111e-02 0.000000e+00
4.133333e-02 0.000000e+00
4.155556e-02 0.000000e+00
4.177778e-02 0.000000e+00
4.200000e-02 0.000000e+00
4.222222e-02 0.000000e+00
4.244444e-02 0.000000e+00
4.266667e-02 0.000000e+00
4.288889e-02 0.000000e+00
4.311111e-02 0.000000e+00
4.333333e-02 0.000000e+00
4.355556e-02 0.000000e+00
4.377778e-02 0.000000e+00
4.400000e-02 0.000000e+00
4.422222e-02 0.000000e+00
4.444444e-02 0.000000e+00
4.466667e-02 0.000000e+00
4.488889e-02 0.000000e+00
4.511111e-02 0.000000e+00
4.533333e-02 0.000000e+00
4.555556e-02 0.000000e+00
4.577778e-02 0.000000e+00
4.600000e-02 0.000000e+00
4.622222e-02 0.000000e+00
4.644444e-02 0.000000e+00
4.666667e-02 0.000000e+00
4.688889e-02 0.000000e+00
4.711111e-02 0.000000e+00
4.733333e-02 0.000000e+00
4.755556e-02 0.000000e+00
4.777778e-02 0.000000e+00
4.800000e-02 0.000000e+00
4.822222e-02 0.000000e+00
4.844444e-02 0.000000e+00
4.866667e-02 0.000000e+00
4.888889e-02 0.000000e+00
4.911111e-02 0.000000e+00
4.933333e-02 0.000000e+00
4.955556e-02 0.000000e+00
4.977778e-02 0.000000e+00
5.000000e-02 0.000000e+00
5.022222e-02 0.000000e+00
5.044444e-02 0.000000e+00
5.066667e-02 0.000000e+00
5.088889e-02 0.000000e+00
5.111111e-02 0.000000e+00
5.133333e-02 0.000000e+00
5.155556e-02 0.000000e+00
5.177778e-02 0.000000e+00
5.200000e-02 0.000000e+00
5.222222e-02 0.000000e+00
5.244444e-02 0.000000e+00
5.266667e-02 0.000000e+00
5.288889e-02 0.000000e+00
5.311111e-02 0.000000e+00
5.333333e-02 0.000000e+00
5.355556e-02 0.000000e+00
5.377778e-02 0.000000e+00
5.400000e-02 0.000000e+00
5.422222e-02 0.000000e+00
5.444444e-02 0.000000e+00
5.466667e-02 0.000000e+00
5.488889e-02 0.000000e+00
5.511111e-02 0.000000e+00
5.533333e-02 0.000000e+00
5.555556e-02 0.000000e+00
5.577778e-02 0.000000e+00
5.600000e-02 0.000000e+00
5.622222e-02 0.000000e+00
5.644444e-02 0.000000e+00
5.666667e-02 0.000000e+00
5.688889e-02 0.000000e+00
5.711111e-02 0.000000e+00
5.733333e-02 0.000000e+00
5.755556e-02 0.000000e+00
5.777778e-02 0.000000e+00
5.800000e-02 0.000000e+00
5.822222e-02 0.000000e+00
5.844444e-02 0.000000e+00
5.866667e-02 0.000000e+00
5.888889e-02 0.000000e+00
5.911111e-02 0.000000e+00
5.933333e-02 0.000000e+00
5.955556e-02 0.000000e+00
5.977778e-02 0.000000e+00
6.000000e-02 0.000000e+00
6.022222e-02 0.000000e+00
6.044444e-02 0.000000e+00
6.066667e-02 0.000000e+00
6.088889e-02 0.000000e+00
6.111111e-02 0.000000e+00
6.133333e-02 0.000000e+00
6.155556e-02 0.000000e+00
6.177778e-02 0.000000e+00
6.200000e-02 0.000000e+00
6.222222e-02 0.000000e+00
6.244444e-02 0.000000e+00
6.266667e-02 0.000000e+00
6.288889e-02 0.000000e+00
6.311111e-02 0.000000e+00
6.333333e-02 0.000000e+00
6.355556e-02 0.000000e+00
6.377778e-02 0.000000e+00
6.400000e-02 0.000000e+00
6.422222e-02 0.000000e+00
6.444444e-02 0.000000e+00
6.466667e-02 0.000000e+00
6.488889e-02 0.000000e+00
6.511111e-02 0.000000e+00
6.533333e-02 0.000000e+00
6.555556e-02 0.000000e+00
6.577778e-02 0.000000e+00
6.600000e-02 0.000000e+00
6.622222e-02 0.000000e+00
6.644444e-02 0.000000e+00
6.666667e-02 0.000000e+00
6.688889e-02 0.000000e+00
6.711111e-02 0.000000e+00
6.733333e-02 0.000000e+00
6.755556e-02 0.000000e+00
6.777778e-02 0.000000e+00
6.800000e-02 0.000000e+00
6.822222e-02 0.000000e+00
6.844444e-02 0.000000e+00
6.866667e-02 0.000000e+00
6.888889e-02 0.000000e+00
6.911111e-02 0.000000e+00
6.933333e-02 0.000000e+00
6.955556e-02 0.000000e+00
6.977778e-02 0.000000e+00
7.000000e-02 0.000000e+00
7.022222e-02 0.000000e+00
7.044444e-02 0.000000e+00
7.066667e-02 0.000000e+00
7.088889e-02 0.000000e+00
7.111111e-02 0.000000e+00
7.133333e-02 0.000000e+00
7.155556e-02 0.000000e+00
7.177778e-02 0.000000e+00
7.200000e-02 0.000000e+00
7.222222e-02 0.000000e+00
7.244444e-02 0.000000e+00
7.266667e-02 0.000000e+00
7.288889e-02 0.000000e+00
7.311111e-02 0.000000e+00
7.333333e-02 0.000000e+00
7.355556e-02 0.000000e+00
7.377778e-02 0.000000e+00
7.400000e-02 0.000000e+00
7.422222e-02 0.000000e+00
7.444444e-02 0.000000e+00
7.466667e-02 0.000000e+00
7.488889e-02 0.000000e+00
7.511111e-02 0.000000e+00
7.533333e-02 0.000000e+00
7.555556e-02 0.000000e+00
7.577778e-02 0.000000e+00
7.600000e-02 0.000000e+00
7.622222e-02 0.000000e+00
7.644444e-02 0.000000e+00
7.666667e-02 0.000000e+00
7.688889e-02 0.000000e+00
7.711111e-02 0.000000e+00
7.733333e-02 0.000000e+00
7.755556e-02 0.000000e+00
7.777778e-02 0.000000e+00
7.800000e-02 0.000000e+00
7.822222e-02 0.000000e+00
7.844444e-02 0.000000e+00
7.866667e-02 0.000000e+00
7.888889e-02 0.000000e+00
7.911111e-02 0.000000e+00
7.933333e-02 0.000000e+00
7.955556e-02 0.000000e+00
7.977778e-02 0.000000e+00
8.000000e-02 0.000000e+00
8.022222e-02 0.000000e+00
8.044444e-02 0.000000e+00
8.066667e-02 0.000000e+00
8.088889e-02 0.000000e+00
8.111111e-02 0.000000e+00
8.133333e-02 0.000000e+00
8.155556e-02 0.000000e+00
8.177778e-02 0.000000e+00
8.200000e-02 0.000000e+00
8.222222e-02 0.000000e+00
8.244444e-02 0.000000e+00
8.266667e-02 0.000000e+00
8.288889e-02 0.000000e+00
8.311111e-02 0.000000e+00
8.333333e-02 0.000000e+00
8.355556e-02 0.000000e+00
8.377778e-02 0.000000e+00
8.400000e-02 0.000000e+00
8.422222e-02 0.000000e+00
8.444444e-02 0.000000e+00
8.466667e-02 0.000000e+00
8.488889e-02 0.000000e+00
8.511111e-02 0.000000e+00
8.533333e-02 0.000000e+00
8.555556e-02 0.000000e+00
8.577778e-02 0.000000e+00
8.600000e-02 0.000000e+00
8.622222e-02 0.000000e+00
8.644444e-02 0.000000e+00
8.666667e-02 0.000000e+00
8.688889e-02 0.000000e+00
8.711111e-02 0.000000e+00
8.733333e-02 0.000000e+00
8.755556e-02 0.000000e+00
8.777778e-02 0.000000e+00
8.800000e-02 0.000000e+00
8.822222e-02 0.000000e+00
8.844444e-02 0.000000e+00
8.866667e-02 0.000000e+00
8.888889e-02 0.000000e+00
8.911111e-02 0.000000e+00
8.933333e-02 0.000000e+00
8.955556e-02 0.000000e+00
8.977778e-02 0.000000e+00
9.000000e-02 0.000000e+00
9.022222e-02 0.000000e+00
9.044444e-02 0.000000e+00
9.066667e-02 0.000000e+00
9.088889e-02 0.000000e+00
9.111111e-02 0.000000e+00
9.133333e-02 0.000000e+00
9.155556e-02 0.000000e+00
9.177778e-02 0.000000e+00
9.200000e-02 0.000000e+00
9.222222e-02 0.000000e+00
9.244444e-02 0.000000e+00
9.266667e-02 0.000000e+00
9.288889e-02 0.000000e+00
9.311111e-02 0.000000e+00
9.333333e-02 0.000000e+00
9.355556e-02 0.000000e+00
9.377778e-02 0.000000e+00
9.400000e-02 0.000000e+00
9.422222e-02 0.000000e+00
9.444444e-02 0.000000e+00
9.466667e-02 0.000000e+00
9.488889e-02 0.000000e+00
9.511111e-02 0.000000e+00
9.533333e-02 0.000000e+00
9.555556e-02 0.000000e+00
9.577778e-02 0.000000e+00
9.600000e-02 0.000000e+00
9.622222e-02 0.000000e+00
9.644444e-02 0.000000e+00
9.666667e-02 0.000000e+00
9.688889e-02 0.000000e+00
9.711111e-02 0.000000e+00
9.733333e-02 0.000000e+00
9.755556e-02 0.000000e+00
9.777778e-02 0.000000e+00
9.800000e-02 0.000000e+00
9.822222e-02 0.000000e+00
9.844444e-02 0.000000e+00
9.866667e-02 0.000000e+00
9.888889e-02 0.000000e+00
9.911111e-02 0.000000e+00
9.933333e-02 0.000000e+00
9.955556e-02 0.000000e+00
9.977778e-02 0.000000e+00
1.000000e-01 0.000000e+00
1.002222e-01 0.000000e+00
1.004444e-01 0.000000e+00
1.006667e-01 0.000000e+00
1.008889e-01 0.000000e+00
1.011111e-01 0.000000e+00
1.013333e-01 0.000000e+00
1.015556e-01 0.000000e+00
1.017778e-01 0.000000e+00
1.020000e-01 0.000000e+00
1.022222e-01 0.000000e+00
1.024444e-01 0.000000e+00
1.026667e-01 0.000000e+00
1.028889e-01 0.000000e+00
1.031111e-01 0.000000e+00
1.033333e-01 0.000000e+00
1.035556e-01 0.000000e+00
1.037778e-01 0.000000e+00
1.040000e-01 0.000000e+00
1.042222e-01 0.000000e+00
1.044444e-01 0.000000e+00
1.046667e-01 0.000000e+00
1.048889e-01 0.000000e+00
1.051111e-01 0.000000e+00
1.053333e-01 0.000000e+00
1.055556e-01 0.000000e+00
1.057778e-01 0.000000e+00
1.060000e-01 0.000000e+00
1.062222e-01 0.000000e+00
1.064444e-01 0.000000e+00
1.066667e-01 0.000000e+00
1.068889e-01 0.000000e+00
1.071111e-01 0.000000e+00
1.073333e-01 0.000000e+00
1.075556e-01 0.000000e+00
1.077778e-01 0.000000e+00
1.080000e-01 0.000000e+00
1.082222e-01 0.000000e+00
1.084444e-01 0.000000e+00
1.086667e-01 0.000000e+00
1.088889e-01 0.000000e+00
1.091111e-01 0.000000e+00
1.093333e-01 0.000000e+00
1.095556e-01 0.000000e+00
1.097778e-01 0.000000e+00
1.100000e-01 0.000000e+00
1.102222e-01 0.000000e+00
1.104444e-01 0.000000e+00
1.106667e-01 0.000000e+00
1.108889e-01 0.000000e+00
1.111111e-01 0.000000e+00
1.113333e-01 0.000000e+00
1.115556e-01 0.000000e+00
1.117778e-01 0.000000e+00
1.120000e-01 0.000000e+00
1.122222e-01 0.000000e+00
1.124444e-01 0.000000e+00
1.126667e-01 0.000000e+00
1.128889e-01 0.000000e+00
1.131111e-01 0.000000e+00
1.133333e-01 0.000000e+00
1.135556e-01 0.000000e+00
1.137778e-01 0.000000e+00
1.140000e-01 0.000000e+00
1.142222e-01 0.000000e+00
1.144444e-01 0.000000e+00
1.146667e-01 0.000000e+00
1.148889e-01 0.000000e+00
1.151111e-01 0.000000e+00
1.153333e-01 0.000000e+00
1.155556e-01 0.000000e+00
1.157778e-01 0.000000e+00
1.160000e-01 0.000000e+00
1.162222e-01 0.000000e+00
1.164444e-01 0.000000e+00
1.166667e-01 0.000000e+00
1.168889e-01 0.000000e+00
1.171111e-01 0.000000e+00
1.173333e-01 0.000000e+00
1.175556e-01 0.000000e+00
1.177778e-01 0.000000e+00
1.180000e-01 0.000000e+00
1.182222e-01 0.000000e+00
1.184444e-01 0.000000e+00
1.186667e-01 0.000000e+00
1.188889e-01 0.000000e+00
1.191111e-01 0.000000e+00
1.193333e-01 0.000000e+00
1.195556e-01 0.000000e+00
1.197778e-01 0.000000e+00
1.200000e-01 0.000000e+00
1.202222e-01 0.000000e+00
1.204444e-01 0.000000e+00
1.206667e-01 0.000000e+00
1.208889e-01 0.000000e+00
1.211111e-01 0.000000e+00
1.213333e-01 0.000000e+00
1.215556e-01 0.000000e+00
1.217778e-01 0.000000e+00
1.220000e-01 0.000000e+00
1.222222e-01 0.000000e+00
1.224444e-01 0.000000e+00
1.226667e-01 0.000000e+00
1.228889e-01 0.000000e+00
1.231111e-01 0.000000e+00
1.233333e-01 0.000000e+00
1.235556e-01 0.000000e+00
1.237778e-01 0.000000e+00
1.240000e-01 0.000000e+00
1.242222e-01 0.000000e+00
1.244444e-01 0.000000e+00
1.246667e-01 0.000000e+00
1.248889e-01 0.000000e+00
1.251111e-01 0.000000e+00
1.253333e-01 0.000000e+00
1.255556e-01 0.000000e+00
1.257778e-01 0.000000e+00
1.260000e-01 0.000000e+00
1.262222e-01 0.000000e+00
1.264444e-01 0.000000e+00
1.266667e-01 0.000000e+00
1.268889e-01 0.000000e+00
1.271111e-01 0.000000e+00
1.273333e-01 0.000000e+00
1.275556e-01 0.000000e+00
1.277778e-01 0.000000e+00
1.280000e-01 0.000000e+00
1.282222e-01 0.000000e+00
1.284444e-01 0.000000e+00
1.286667e-01 0.000000e+00
1.288889e-01 0.000000e+00
1.291111e-01 0.000000e+00
1.293333e-01 0.000000e+00
1.295556e-01 0.000000e+00
1.297778e-01 0.000000e+00
1.300000e-01 0.000000e+00
1.302222e-01 0.000000e+00
1.304444e-01 0.000000e+00
1.306667e-01 0.000000e+00
1.308889e-01 0.000000e+00
1.311111e-01 0.000000e+00
1.313333e-01 0.000000e+00
1.315556e-01 0.000000e+00
1.317778e-01 0.000000e+00
1.320000e-01 0.000000e+00
1.322222e-01 0.000000e+00
1.324444e-01 0.000000e+00
1.326667e-01 0.000000e+00
1.328889e-01 0.000000e+00
1.331111e-01 0.000000e+00
1.333333e-01 0.000000e+00
1.335556e-01 0.000000e+00
1.337778e-01 0.000000e+00
1.340000e-01 0.000000e+00
1.342222e-01 0.000000e+00
1.344444e-01 0.000000e+00
1.346667e-01 0.000000e+00
1.348889e-01 0.000000e+00
1.351111e-01 0.000000e+00
1.353333e-01 0.000000e+00
1.355556e-01 0.000000e+00
1.357778e-01 0.000000e+00
1.360000e-01 0.000000e+00
1.362222e-01 0.000000e+00
1.364444e-01 0.000000e+00
1.366667e-01 0.000000e+00
1.368889e-01 0.000000e+00
1.371111e-01 0.000000e+00
1.373333e-01 0.000000e+00
1.375556e-01 0.000000e+00
1.377778e-01 0.000000e+00
1.380000e-01 0.000000e+00
1.382222e-01 0.000000e+00
1.384444e-01 0.000000e+00
1.386667e-01 0.000000e+00
1.388889e-01 0.000000e+00
1.391111e-01 0.000000e+00
1.393333e-01 0.000000e+00
1.395556e-01 0.000000e+00
1.397778e-01 0.000000e+00
1.400000e-01 0.000000e+00
1.402222e-01 0.000000e+00
1.404444e-01 0.000000e+00
1.406667e-01 0.000000e+00
1.408889e-01 0.000000e+00
1.411111e-01 0.000000e+00
1.413333e-01 0.000000e+00
1.415556e-01 0.000000e+00
1.417778e-01 0.000000e+00
1.420000e-01 0.000000e+00
1.422222e-01 0.000000e+00
1.424444e-01 0.000000e+00
1.426667e-01 0.000000e+00
1.428889e-01 0.000000e+00
1.431111e-01 0.000000e+00
1.433333e-01 0.000000e+00
1.435556e-01 0.000000e+00
1.437778e-01 0.000000e+00
1.440000e-01 0.000000e+00
1.442222e-01 0.000000e+00
1.444444e-01 0.000000e+00
1.446667e-01 0.000000e+00
1.448889e-01 0.000000e+00
1.451111e-01 0.000000e+00
1.453333e-01 0.000000e+00
1.455556e-01 0.000000e+00
1.457778e-01 0.000000e+00
1.460000e-01 0.000000e+00
1.462222e-01 0.000000e+00
1.464444e-01 0.000000e+00
1.466667e-01 0.000000e+00
1.468889e-01 0.000000e+00
1.471111e-01 0.000000e+00
1.473333e-01 0.000000e+00
1.475556e-01 0.000000e+00
1.477778e-01 0.000000e+00
1.480000e-01 0.000000e+00
1.482222e-01 0.000000e+00
1.484444e-01 0.000000e+00
1.486667e-01 0.000000e+00
1.488889e-01 0.000000e+00
1.491111e-01 0.000000e+00
1.493333e-01 0.000000e+00
1.495556e-01 0.000000e+00
1.497778e-01 0.000000e+00
1.500000e-01 0.000000e+00
1.502222e-01 0.000000e+00
1.504444e-01 0.000000e+00
1.506667e-01 0.000000e+00
1.508889e-01 0.000000e+00
1.511111e-01 0.000000e+00
1.513333e-01 0.000000e+00
1.515556e-01 0.000000e+00
1.517778e-01 0.000000e+00
1.520000e-01 0.000000e+00
1.522222e-01 0.000000e+00
1.524444e-01 0.000000e+00
1.526667e-01 0.000000e+00
1.528889e-01 0.000000e+00
1.531111e-01 0.000000e+00
1.533333e-01 0.000000e+00
1.535556e-01 0.000000e+00
1.537778e-01 0.000000e+00
1.540000e-01 0.000000e+00
1.542222e-01 0.000000e+00
1.544444e-01 0.000000e+00
1.546667e-01 0.000000e+00
1.548889e-01 0.000000e+00
1.551111e-01 0.000000e+00
1.553333e-01 0.000000e+00
1.555556e-01 0.000000e+00
1.557778e-01 0.000000e+00
1.560000e-01 0.000000e+00
1.562222e-01 0.000000e+00
1.564444e-01 0.000000e+00
1.566667e-01 0.000000e+00
1.568889e-01 0.000000e+00
1.571111e-01 0.000000e+00
1.573333e-01 0.000000e+00
1.575556e-01 0.000000e+00
1.577778e-01 0.000000e+00
1.580000e-01 0.000000e+00
1.582222e-01 0.000000e+00
1.584444e-01 0.000000e+00
1.586667e-01 0.000000e+00
1.588889e-01 0.000000e+00
1.591111e-01 0.000000e+00
1.593333e-01 0.000000e+00
1.595556e-01 0.000000e+00
1.597778e-01 0.000000e+00
1.600000e-01 0.000000e+00
1.602222e-01 0.000000e+00
1.604444e-01 0.000000e+00
1.606667e-01 0.000000e+00
1.608889e-01 0.000000e+00
1.611111e-01 0.000000e+00
1.613333e-01 0.000000e+00
1.615556e-01 0.000000e+00
1.617778e-01 0.000000e+00
1.620000e-01 0.000000e+00
1.622222e-01 0.000000e+00
1.624444e-01 0.000000e+00
1.626667e-01 0.000000e+00
1.628889e-01 0.000000e+00
1.631111e-01 0.000000e+00
1.633333e-01 0.000000e+00
1.635556e-01 0.000000e+00
1.637778e-01 0.000000e+00
1.640000e-01 0.000000e+00
1.642222e-01 0.000000e+00
1.644444e-01 0.000000e+00
1.646667e-01 0.000000e+00
1.648889e-01 0.000000e+00
1.651111e-01 0.000000e+00
1.653333e-01 0.000000e+00
1.655556e-01 0.000000e+00
1.657778e-01 0.000000e+00
1.660000e-01 0.000000e+00
1.662222e-01 0.000000e+00
1.664444e-01 0.000000e+00
1.666667e-01 0.000000e+00
1.668889e-01 0.000000e+00
1.671111e-01 0.000000e+00
1.673333e-01 0.000000e+00
1.675556e-01 0.000000e+00
1.677778e-01 0.000000e+00
1.680000e-01 0.000000e+00
1.682222e-01 0.000000e+00
1.684444e-01 0.000000e+00
1.686667e-01 0.000000e+00
1.688889e-01 0.000000e+00
1.691111e-01 0.000000e+00
1.693333e-01 0.000000e+00
1.695556e-01 0.000000e+00
1.697778e-01 0.000000e+00
1.700000e-01 0.000000e+00
1.702222e-01 0.000000e+00
1.704444e-01 0.000000e+00
1.706667e-01 0.000000e+00
1.708889e-01 0.000000e+00
1.711111e-01 0.000000e+00
1.713333e-01 0.000000e+00
1.715556e-01 0.000000e+00
1.717778e-01 0.000000e+00
1.720000e-01 0.000000e+00
1.722222e-01 0.000000e+00
1.724444e-01 0.000000e+00
1.726667e-01 0.000000e+00
1.728889e-01 0.000000e+00
1.731111e-01 0.000000e+00
1.733333e-01 0.000000e+00
1.735556e-01 0.000000e+00
1.737778e-01 0.000000e+00
1.740000e-01 0.000000e+00
1.742222e-01 0.000000e+00
1.744444e-01 0.000000e+00
1.746667e-01 0.000000e+00
1.748889e-01 0.000000e+00
1.751111e-01 0.000000e+00
1.753333e-01 0.000000e+00
1.755556e-01 0.000000e+00
1.757778e-01 0.000000e+00
1.760000e-01 0.000000e+00
1.762222e-01 0.000000e+00
1.764444e-01 0.000000e+00
1.766667e-01 0.000000e+00
1.768889e-01 0.000000e+00
1.771111e-01 0.000000e+00
1.773333e-01 0.000000e+00
1.775556e-01 0.000000e+00
1.777778e-01 0.000000e+00
1.780000e-01 0.000000e+00
1.782222e-01 0.000000e+00
1.784444e-01 0.000000e+00
1.786667e-01 0.000000e+00
1.788889e-01 0.000000e+00
1.791111e-01 0.000000e+00
1.793333e-01 0.000000e+00
1.795556e-01 0.000000e+00
1.797778e-01 0.000000e+00
1.800000e-01 0.000000e+00
1.802222e-01 0.000000e+00
1.804444e-01 0.000000e+00
1.806667e-01 0.000000e+00
1.808889e-01 0.000000e+00
1.811111e-01 0.000000e+00
1.813333e-01 0.000000e+00
1.815556e-01 0.000000e+00
1.817778e-01 0.000000e+00
1.820000e-01 0.000000e+00
1.822222e-01 0.000000e+00
1.824444e-01 0.000000e+00
1.826667e-01 0.000000e+00
1.828889e-01 0.000000e+00
1.831111e-01 0.000000e+00
1.833333e-01 0.000000e+00
1.835556e-01 0.000000e+00
1.837778e-01 0.000000e+00
1.840000e-01 0.000000e+00
1.842222e-01 0.000000e+00
1.844444e-01 0.000000e+00
1.846667e-01 0.000000e+00
1.848889e-01 0.000000e+00
1.851111e-01 0.000000e+00
1.853333e-01 0.000000e+00
1.855556e-01 0.000000e+00
1.857778e-01 0.000000e+00
1.860000e-01 0.000000e+00
1.862222e-01 0.000000e+00
1.864444e-01 0.000000e+00
1.866667e-01 0.000000e+00
1.868889e-01 0.000000e+00
1.871111e-01 0.000000e+00
1.873333e-01 0.000000e+00
1.875556e-01 0.000000e+00
1.877778e-01 0.000000e+00
1.880000e-01 0.000000e+00
1.882222e-01 0.000000e+00
1.884444e-01 0.000000e+00
1.886667e-01 0.000000e+00
1.888889e-01 0.000000e+00
1.891111e-01 0.000000e+00
1.893333e-01 0.000000e+00
1.895556e-01 0.000000e+00
1.897778e-01 0.000000e+00
1.900000e-01 0.000000e+00
1.902222e-01 0.000000e+00
1.904444e-01 0.000000e+00
1.906667e-01 0.000000e+00
1.908889e-01 0.000000e+00
1.911111e-01 0.000000e+00
1.913333e-01 0.000000e+00
1.915556e-01 0.000000e+00
1.917778e-01 0.000000e+00
1.920000e-01 0.000000e+00
1.922222e-01 0.000000e+00
1.924444e-01 0.000000e+00
1.926667e-01 0.000000e+00
1.928889e-01 0.000000e+00
1.931111e-01 0.000000e+00
1.933333e-01 0.000000e+00
1.935556e-01 0.000000e+00
1.937778e-01 0.000000e+00
1.940000e-01 0.000000e+00
1.942222e-01 0.000000e+00
1.944444e-01 0.000000e+00
1.946667e-01 0.000000e+00
1.948889e-01 0.000000e+00
1.951111e-01 0.000000e+00
1.953333e-01 0.000000e+00
1.955556e-01 0.000000e+00
1.957778e-01 0.000000e+00
1.960000e-01 0.000000e+00
1.962222e-01 0.000000e+00
1.964444e-01 0.000000e+00
1.966667e-01 0.000000e+00
1.968889e-01 0.000000e+00
1.971111e-01 0.000000e+00
1.973333e-01 0.000000e+00
1.975556e-01 0.000000e+00
1.977778e-01 0.000000e+00
1.980000e-01 0.000000e+00
1.982222e-01 0.000000e+00
1.984444e-01 0.000000e+00
1.986667e-01 0.000000e+00
1.988889e-01 0.000000e+00
1.991111e-01 0.000000e+00
1.993333e-01 0.000000e+00
1.995556e-01 0.000000e+00
1.997778e-01 0.000000e+00
2.000000e-01 0.000000e+00
2.002222e-01 0.000000e+00
2.004444e-01 0.000000e+00
2.006667e-01 0.000000e+00
2.008889e-01 0.000000e+00
2.011111e-01 0.000000e+00
2.013333e-01 0.000000e+00
2.015556e-01 0.000000e+00
2.017778e-01 0.000000e+00
2.020000e-01 0.000000e+00
2.022222e-01 0.000000e+00
2.024444e-01 0.000000e+00
2.026667e-01 0.000000e+00
2.028889e-01 0.000000e+00
2.031111e-01 0.000000e+00
2.033333e-01 0.000000e+00
2.035556e-01 0.000000e+00
2.037778e-01 0.000000e+00
2.040000e-01 0.000000e+00
2.042222e-01 0.000000e+00
2.044444e-01 0.000000e+00
2.046667e-01 0.000000e+00
2.048889e-01 0.000000e+00
2.051111e-01 0.000000e+00
2.053333e-01 0.000000e+00
2.055556e-01 0.000000e+00
2.057778e-01 0.000000e+00
2.060000e-01 0.000000e+00
2.062222e-01 0.000000e+00
2.064444e-01 0.000000e+00
2.066667e-01 0.000000e+00
2.068889e-01 0.000000e+00
2.071111e-01 0.000000e+00
2.073333e-01 0.000000e+00
2.075556e-01 0.000000e+00
2.077778e-01 0.000000e+00
2.080000e-01 0.000000e+00
2.082222e-01 0.000000e+00
2.084444e-01 0.000000e+00
2.086667e-01 0.000000e+00
2.088889e-01 0.000000e+00
2.091111e-01 0.000000e+00
2.093333e-01 0.000000e+00
2.095556e-01 0.000000e+00
2.097778e-01 0.000000e+00
2.100000e-01 0.000000e+00
2.102222e-01 0.000000e+00
2.104444e-01 0.000000e+00
2.106667e-01 0.000000e+00
2.108889e-01 0.000000e+00
2.111111e-01 0.000000e+00
2.113333e-01 0.000000e+00
2.115556e-01 0.000000e+00
2.117778e-01 0.000000e+00
2.120000e-01 0.000000e+00
2.122222e-01 0.000000e+00
2.124444e-01 0.000000e+00
2.126667e-01 0.000000e+00
2.128889e-01 0.000000e+00
2.131111e-01 0.000000e+00
2.133333e-01 0.000000e+00
2.135556e-01 0.000000e+00
2.137778e-01 0.000000e+00
2.140000e-01 0.000000e+00
2.142222e-01 0.000000e+00
2.144444e-01 0.000000e+00
2.146667e-01 0.000000e+00
2.148889e-01 0.000000e+00
2.151111e-01 0.000000e+00
2.153333e-01 0.000000e+00
2.155556e-01 0.000000e+00
2.157778e-01 0.000000e+00
2.160000e-01 0.000000e+00
2.162222e-01 0.000000e+00
2.164444e-01 0.000000e+00
2.166667e-01 0.000000e+00
2.168889e-01 0.000000e+00
2.171111e-01 0.000000e+00
2.173333e-01 0.000000e+00
2.175556e-01 0.000000e+00
2.177778e-01 0.000000e+00
2.180000e-01 0.000000e+00
2.182222e-01 0.000000e+00
2.184444e-01 0.000000e+00
2.186667e-01 0.000000e+00
2.188889e-01 0.000000e+00
2.191111e-01 0.000000e+00
2.193333e-01 0.000000e+00
2.195556e-01 0.000000e+00
2.197778e-01 0.000000e+00
2.200000e-01 0.000000e+00
2.202222e-01 0.000000e+00
2.204444e-01 0.000000e+00
2.206667e-01 0.000000e+00
2.208889e-01 0.000000e+00
2.211111e-01 0.000000e+00
2.213333e-01 0.000000e+00
2.215556e-01 0.000000e+00
2.217778e-01 0.000000e+00
2.220000e-01 0.000000e+00
2.222222e-01 0.000000e+00
2.224444e-01 0.000000e+00
2.226667e-01 0.000000e+00
2.228889e-01 0.000000e+00
2.231111e-01 0.000000e+00
2.233333e-01 0.000000e+00
2.235556e-01 0.000000e+00
2.237778e-01 0.000000e+00
2.240000e-01 0.000000e+00
2.242222e-01 0.000000e+00
2.244444e-01 0.000000e+00
2.246667e-01 0.000000e+00
2.248889e-01 0.000000e+00
2.251111e-01 0.000000e+00
2.253333e-01 0.000000e+00
2.255556e-01 0.000000e+00
2.257778e-01 0.000000e+00
2.260000e-01 0.000000e+00
2.262222e-01 0.000000e+00
2.264444e-01 0.000000e+00
2.266667e-01 0.000000e+00
2.268889e-01 0.000000e+00
2.271111e-01 0.000000e+00
2.273333e-01 0.000000e+00
2.275556e-01 0.000000e+00
2.277778e-01 0.000000e+00
2.280000e-01 0.000000e+00
2.282222e-01 0.000000e+00
2.284444e-01 0.000000e+00
2.286667e-01 0.000000e+00
2.288889e-01 0.000000e+00
2.291111e-01 0.000000e+00
2.293333e-01 0.000000e+00
2.295556e-01 0.000000e+00
2.297778e-01 0.000000e+00
2.300000e-01 0.000000e+00
2.302222e-01 0.000000e+00
2.304444e-01 0.000000e+00
2.306667e-01 0.000000e+00
2.308889e-01 0.000000e+00
2.311111e-01 0.000000e+00
2.313333e-01 0.000000e+00
2.315556e-01 0.000000e+00
2.317778e-01 0.000000e+00
2.320000e-01 0.000000e+00
2.322222e-01 0.000000e+00
2.324444e-01 0.000000e+00
2.326667e-01 0.000000e+00
2.328889e-01 0.000000e+00
2.331111e-01 0.000000e+00
2.333333e-01 0.000000e+00
2.335556e-01 0.000000e+00
2.337778e-01 0.000000e+00
2.340000e-01 0.000000e+00
2.342222e-01 0.000000e+00
2.344444e-01 0.000000e+00
2.346667e-01 0.000000e+00
2.348889e-01 0.000000e+00
2.351111e-01 0.000000e+00
2.353333e-01 0.000000e+00
2.355556e-01 0.000000e+00
2.357778e-01 0.000000e+00
2.360000e-01 0.000000e+00
2.362222e-01 0.000000e+00
2.364444e-01 0.000000e+00
2.366667e-01 0.000000e+00
2.368889e-01 0.000000e+00
2.371111e-01 0.000000e+00
2.373333e-01 0.000000e+00
2.375556e-01 0.000000e+00
2.377778e-01 0.000000e+00
2.380000e-01 0.000000e+00
2.382222e-01 0.000000e+00
2.384444e-01 0.000000e+00
2.386667e-01 0.000000e+00
2.388889e-01 0.000000e+00
2.391111e-01 0.000000e+00
2.393333e-01 0.000000e+00
2.395556e-01 0.000000e+00
2.397778e-01 0.000000e+00
2.400000e-01 0.000000e+00
2.402222e-01 0.000000e+00
2.404444e-01 0.000000e+00
2.406667e-01 0.000000e+00
2.408889e-01 0.000000e+00
2.411111e-01 0.000000e+00
2.413333e-01 0.000000e+00
2.415556e-01 0.000000e+00
2.417778e-01 0.000000e+00
2.420000e-01 0.000000e+00
2.422222e-01 0.000000e+00
2.424444e-01 0.000000e+00
2.426667e-01 0.000000e+00
2.428889e-01 0.000000e+00
2.431111e-01 0.000000e+00
2.433333e-01 0.000000e+00
2.435556e-01 0.000000e+00
2.437778e-01 0.000000e+00
2.440000e-01 0.000000e+00
2.442222e-01 0.000000e+00
2.444444e-01 0.000000e+00
2.446667e-01 0.000000e+00
2.448889e-01 0.000000e+00
2.451111e-01 0.000000e+00
2.453333e-01 0.000000e+00
2.455556e-01 0.000000e+00
2.457778e-01 0.000000e+00
2.460000e-01 0.000000e+00
2.462222e-01 0.000000e+00
2.464444e-01 0.000000e+00
2.466667e-01 0.000000e+00
2.468889e-01 0.000000e+00
2.471111e-01 0.000000e+00
2.473333e-01 0.000000e+00
2.475556e-01 0.000000e+00
2.477778e-01 0.000000e+00
2.480000e-01 0.000000e+00
2.482222e-01 0.000000e+00
2.484444e-01 0.000000e+00
2.486667e-01 0.000000e+00
2.488889e-01 0.000000e+00
2.491111e-01 0.000000e+00
2.493333e-01 0.000000e+00
2.495556e-01 0.000000e+00
2.497778e-01 0.000000e+00
2.500000e-01 0.000000e+00
2.502222e-01 5.744444e-01
2.504444e-01 7.544444e-01
2.506667e-01 8.100000e-01
2.508889e-01 8.388889e-01
2.511111e-01 8.577778e-01
2.513333e-01 8.711111e-01
2.515556e-01 8.822222e-01
2.517778e-01 8.900000e-01
2.520000e-01 8.966667e-01
2.522222e-01 9.022222e-01
2.524444e-01 9.066667e-01
2.526667e-01 9.111111e-01
2.528889e-01 9.144444e-01
2.531111e-01 9.177778e-01
2.533333e-01 9.200000e-01
2.535556e-01 9.233333e-01
2.537778e-01 9.255556e-01
2.540000e-01 9.277778e-01
2.542222e-01 9.288889e-01
2.544444e-01 9.311111e-01
2.546667e-01 9.333333e-01
2.548889e-01 9.344444e-01
2.551111e-01 9.355556e-01
2.553333e-01 9.366667e-01
2.555556e-01 9.388889e-01
2.557778e-01 9.400000e-01
2.560000e-01 9.411111e-01
2.562222e-01 9.422222e-01
2.564444e-01 9.433333e-01
2.566667e-01 9.433333e-01
2.568889e-01 9.444444e-01
2.571111e-01 9.455556e-01
2.573333e-01 9.466667e-01
2.575556e-01 9.466667e-01
2.577778e-01 9.477778e-01
2.580000e-01 9.488889e-01
2.582222e-01 9.488889e-01
2.584444e-01 9.500000e-01
2.586667e-01 9.500000e-01
2.588889e-01 9.511111e-01
2.591111e-01 9.522222e-01
2.593333e-01 9.522222e-01
2.595556e-01 9.533333e-01
2.597778e-01 9.533333e-01
2.600000e-01 9.533333e-01
2.602222e-01 9.544444e-01
2.604444e-01 9.544444e-01
2.606667e-01 9.555556e-01
2.608889e-01 9.555556e-01
2.611111e-01 9.555556e-01
2.613333e-01 9.566667e-01
2.615556e-01 9.566667e-01
2.617778e-01 9.577778e-01
2.620000e-01 9.577778e-01
2.622222e-01 9.577778e-01
2.624444e-01 9.588889e-01
2.626667e-01 9.588889e-01
2.628889e-01 9.588889e-01
2.631111e-01 9.588889e-01
2.633333e-01 9.600000e-01
2.635556e-01 9.600000e-01
2.637778e-01 9.600000e-01
2.640000e-01 9.611111e-01
2.642222e-01 9.611111e-01
2.644444e-01 9.611111e-01
2.646667e-01 9.611111e-01
2.648889e-01 9.622222e-01
2.651111e-01 9.622222e-01
2.653333e-01 9.622222e-01
2.655556e-01 9.622222e-01
2.657778e-01 9.622222e-01
2.660000e-01 9.633333e-01
2.662222e-01 9.633333e-01
2.664444e-01 9.633333e-01
2.666667e-01 9.633333e-01
2.668889e-01 9.633333e-01
2.671111e-01 9.644444e-01
2.673333e-01 9.644444e-01
2.675556e-01 9.644444e-01
2.677778e-01 9.644444e-01
2.680000e-01 9.644444e-01
2.682222e-01 9.655556e-01
2.684444e-01 9.655556e-01
2.686667e-01 9.655556e-01
2.688889e-01 9.655556e-01
2.691111e-01 9.655556e-01
2.693333e-01 9.655556e-01
2.695556e-01 9.655556e-01
2.697778e-01 9.666667e-01
2.700000e-01 9.666667e-01
2.702222e-01 9.666667e-01
2.704444e-01 9.666667e-01
2.706667e-01 9.666667e-01
2.708889e-01 9.666667e-01
2.711111e-01 9.666667e-01
2.713333e-01 9.677778e-01
2.715556e-01 9.677778e-01
2.717778e-01 9.677778e-01
2.720000e-01 9.677778e-01
2.722222e-01 9.677778e-01
2.724444e-01 9.677778e-01
2.726667e-01 9.677778e-01
2.728889e-01 9.677778e-01
2.731111e-01 9.688889e-01
2.733333e-01 9.688889e-01
2.735556e-01 9.688889e-01
2.737778e-01 9.688889e-01
2.740000e-01 9.688889e-01
2.742222e-01 9.688889e-01
2.744444e-01 9.688889e-01
2.746667e-01 9.688889e-01
2.748889e-01 9.688889e-01
2.751111e-01 9.700000e-01
2.753333e-01 9.700000e-01
2.755556e-01 9.700000e-01
2.757778e-01 9.700000e-01
2.760000e-01 9.700000e-01
2.762222e-01 9.700000e-01
2.764444e-01 9.700000e-01
2.766667e-01 9.700000e-01
2.768889e-01 9.700000e-01
2.771111e-01 9.700000e-01
2.773333e-01 9.700000e-01
2.775556e-01 9.700000e-01
2.777778e-01 9.711111e-01
2.780000e-01 9.711111e-01
2.782222e-01 9.711111e-01
2.784444e-01 9.711111e-01
2.786667e-01 9.711111e-01
2.788889e-01 9.711111e-01
2.791111e-01 9.711111e-01
2.793333e-01 9.711111e-01
2.795556e-01 9.711111e-01
2.797778e-01 9.711111e-01
2.800000e-01 9.711111e-01
2.802222e-01 9.711111e-01
2.804444e-01 9.711111e-01
2.806667e-01 9.722222e-01
2.808889e-01 9.722222e-01
2.811111e-01 9.722222e-01
2.813333e-01 9.722222e-01
2.815556e-01 9.722222e-01
2.817778e-01 9.722222e-01
2.820000e-01 9.722222e-01
2.822222e-01 9.722222e-01
2.824444e-01 9.722222e-01
2.826667e-01 9.722222e-01
2.828889e-01 9.722222e-01
2.831111e-01 9.722222e-01
2.833333e-01 9.722222e-01
2.835556e-01 9.722222e-01
2.837778e-01 9.722222e-01
2.840000e-01 9.722222e-01
2.842222e-01 9.722222e-01
2.844444e-01 9.733333e-01
2.846667e-01 9.733333e-01
2.848889e-01 9.733333e-01
2.851111e-01 9.733333e-01
2.853333e-01 9.733333e-01
2.855556e-01 9.733333e-01
2.857778e-01 9.733333e-01
2.860000e-01 9.733333e-01
2.862222e-01 9.733333e-01
2.864444e-01 9.733333e-01
2.866667e-01 9.733333e-01
2.868889e-01 9.733333e-01
2.871111e-01 9.733333e-01
2.873333e-01 9.733333e-01
2.875556e-01 9.733333e-01
2.877778e-01 9.733333e-01
2.880000e-01 9.733333e-01
2.882222e-01 9.733333e-01
2.884444e-01 9.733333e-01
2.886667e-01 9.733333e-01
2.888889e-01 9.733333e-01
2.891111e-01 9.733333e-01
2.893333e-01 9.733333e-01
2.895556e-01 9.744444e-01
2.897778e-01 9.744444e-01
2.900000e-01 9.744444e-01
2.902222e-01 9.744444e-01
2.904444e-01 9.744444e-01
2.906667e-01 9.744444e-01
2.908889e-01 9.744444e-01
2.911111e-01 9.744444e-01
2.913333e-01 9.744444e-01
2.915556e-01 9.744444e-01
2.917778e-01 9.744444e-01
2.920000e-01 9.744444e-01
2.922222e-01 9.744444e-01
2.924444e-01 9.744444e-01
2.926667e-01 9.744444e-01
2.928889e-01 9.744444e-01
2.931111e-01 9.744444e-01
2.933333e-01 9.744444e-01
2.935556e-01 9.744444e-01
2.937778e-01 9.744444e-01
2.940000e-01 9.744444e-01
2.942222e-01 9.744444e-01
2.944444e-01 9.744444e-01
2.946667e-01 9.744444e-01
2.948889e-01 9.744444e-01
2.951111e-01 9.744444e-01
2.953333e-01 9.744444e-01
2.955556e-01 9.744444e-01
2.957778e-01 9.744444e-01
2.960000e-01 9.744444e-01
2.962222e-01 9.744444e-01
2.964444e-01 9.744444e-01
2.966667e-01 9.744444e-01
2.968889e-01 9.744444e-01
2.971111e-01 9.744444e-01
2.973333e-01 9.755556e-01
2.975556e-01 9.755556e-01
2.977778e-01 9.755556e-01
2.980000e-01 9.755556e-01
2.982222e-01 9.755556e-01
2.984444e-01 9.755556e-01
2.986667e-01 9.755556e-01
2.988889e-01 9.755556e-01
2.991111e-01 9.755556e-01
2.993333e-01 9.755556e-01
2.995556e-01 9.755556e-01
2.997778e-01 9.755556e-01
3.000000e-01 9.755556e-01
3.002222e-01 9.755556e-01
3.004444e-01 9.755556e-01
3.006667e-01 9.755556e-01
3.008889e-01 9.755556e-01
3.011111e-01 9.755556e-01
3.013333e-01 9.755556e-01
3.015556e-01 9.755556e-01
3.017778e-01 9.755556e-01
3.020000e-01 9.755556e-01
3.022222e-01 9.755556e-01
3.024444e-01 9.755556e-01
3.026667e-01 9.755556e-01
3.028889e-01 9.755556e-01
3.031111e-01 9.755556e-01
3.033333e-01 9.755556e-01
3.035556e-01 9.755556e-01
3.037778e-01 9.755556e-01
3.040000e-01 9.755556e-01
3.042222e-01 9.755556e-01
3.044444e-01 9.755556e-01
3.046667e-01 9.755556e-01
3.048889e-01 9.755556e-01
3.051111e-01 9.755556e-01
3.053333e-01 9.755556e-01
3.055556e-01 9.755556e-01
3.057778e-01 9.755556e-01
3.060000e-01 9.755556e-01
3.062222e-01 9.755556e-01
3.064444e-01 9.755556e-01
3.066667e-01 9.755556e-01
3.068889e-01 9.755556e-01
3.071111e-01 9.755556e-01
3.073333e-01 9.755556e-01
3.075556e-01 9.755556e-01
3.077778e-01 9.755556e-01
3.080000e-01 9.755556e-01
3.082222e-01 9.755556e-01
3.084444e-01 9.755556e-01
3.086667e-01 9.755556e-01
3.088889e-01 9.755556e-01
3.091111e-01 9.755556e-01
3.093333e-01 9.755556e-01
3.095556e-01 9.755556e-01
3.097778e-01 9.755556e-01
3.100000e-01 9.755556e-01
3.102222e-01 9.755556e-01
3.104444e-01 9.755556e-01
3.106667e-01 9.755556e-01
3.108889e-01 9.755556e-01
3.111111e-01 9.755556e-01
3.113333e-01 9.755556e-01
3.115556e-01 9.755556e-01
3.117778e-01 9.755556e-01
3.120000e-01 9.755556e-01
3.122222e-01 9.755556e-01
3.124444e-01 9.755556e-01
3.126667e-01 9.755556e-01
3.128889e-01 9.755556e-01
3.131111e-01 9.755556e-01
3.133333e-01 9.755556e-01
3.135556e-01 9.755556e-01
3.137778e-01 9.755556e-01
3.140000e-01 9.755556e-01
3.142222e-01 9.755556e-01
3.144444e-01 9.755556e-01
3.146667e-01 9.755556e-01
3.148889e-01 9.755556e-01
3.151111e-01 9.755556e-01
3.153333e-01 9.755556e-01
3.155556e-01 9.755556e-01
3.157778e-01 9.755556e-01
3.160000e-01 9.755556e-01
3.162222e-01 9.755556e-01
3.164444e-01 9.755556e-01
3.166667e-01 9.755556e-01
3.168889e-01 9.755556e-01
3.171111e-01 9.755556e-01
3.173333e-01 9.755556e-01
3.175556e-01 9.755556e-01
3.177778e-01 9.755556e-01
3.180000e-01 9.755556e-01
3.182222e-01 9.755556e-01
3.184444e-01 9.755556e-01
3.186667e-01 9.755556e-01
3.188889e-01 9.755556e-01
3.191111e-01 9.755556e-01
3.193333e-01 9.755556e-01
3.195556e-01 9.755556e-01
3.197778e-01 9.755556e-01
3.200000e-01 9.755556e-01
3.202222e-01 9.755556e-01
3.204444e-01 9.755556e-01
3.206667e-01 9.755556e-01
3.208889e-01 9.755556e-01
3.211111e-01 9.755556e-01
3.213333e-01 9.755556e-01
3.215556e-01 9.755556e-01
3.217778e-01 9.755556e-01
3.220000e-01 9.755556e-01
3.222222e-01 9.755556e-01
3.224444e-01 9.755556e-01
3.226667e-01 9.755556e-01
3.228889e-01 9.755556e-01
3.231111e-01 9.755556e-01
3.233333e-01 9.755556e-01
3.235556e-01 9.755556e-01
3.237778e-01 9.755556e-01
3.240000e-01 9.755556e-01
3.242222e-01 9.755556e-01
3.244444e-01 9.755556e-01
3.246667e-01 9.755556e-01
3.248889e-01 9.755556e-01
3.251111e-01 9.755556e-01
3.253333e-01 9.755556e-01
3.255556e-01 9.755556e-01
3.257778e-01 9.755556e-01
3.260000e-01 9.755556e-01
3.262222e-01 9.755556e-01
3.264444e-01 9.755556e-01
3.266667e-01 9.755556e-01
3.268889e-01 9.755556e-01
3.271111e-01 9.755556e-01
3.273333e-01 9.755556e-01
3.275556e-01 9.755556e-01
3.277778e-01 9.755556e-01
3.280000e-01 9.755556e-01
3.282222e-01 9.755556e-01
3.284444e-01 9.755556e-01
3.286667e-01 9.755556e-01
3.288889e-01 9.755556e-01
3.291111e-01 9.755556e-01
3.293333e-01 9.755556e-01
3.295556e-01 9.755556e-01
3.297778e-01 9.755556e-01
3.300000e-01 9.755556e-01
3.302222e-01 9.755556e-01
3.304444e-01 9.755556e-01
3.306667e-01 9.755556e-01
3.308889e-01 9.755556e-01
3.311111e-01 9.755556e-01
3.313333e-01 9.755556e-01
3.315556e-01 9.755556e-01
3.317778e-01 9.755556e-01
3.320000e-01 9.755556e-01
3.322222e-01 9.755556e-01
3.324444e-01 9.755556e-01
3.326667e-01 9.755556e-01
3.328889e-01 9.755556e-01
3.331111e-01 9.755556e-01
3.333333e-01 9.755556e-01
3.335556e-01 9.755556e-01
3.337778e-01 9.755556e-01
3.340000e-01 9.755556e-01
3.342222e-01 9.755556e-01
3.344444e-01 9.755556e-01
3.346667e-01 9.755556e-01
3.348889e-01 9.755556e-01
3.351111e-01 9.755556e-01
3.353333e-01 9.755556e-01
3.355556e-01 9.755556e-01
3.357778e-01 9.755556e-01
3.360000e-01 9.744444e-01
3.362222e-01 9.744444e-01
3.364444e-01 9.744444e-01
3.366667e-01 9.744444e-01
3.368889e-01 9.744444e-01
3.371111e-01 9.744444e-01
3.373333e-01 9.744444e-01
3.375556e-01 9.744444e-01
3.377778e-01 9.744444e-01
3.380000e-01 9.744444e-01
3.382222e-01 9.744444e-01
3.384444e-01 9.744444e-01
3.386667e-01 9.744444e-01
3.388889e-01 9.744444e-01
3.391111e-01 9.744444e-01
3.393333e-01 9.744444e-01
3.395556e-01 9.744444e-01
3.397778e-01 9.744444e-01
3.400000e-01 9.744444e-01
3.402222e-01 9.744444e-01
3.404444e-01 9.744444e-01
3.406667e-01 9.744444e-01
3.408889e-01 9.744444e-01
3.411111e-01 9.744444e-01
3.413333e-01 9.744444e-01
3.415556e-01 9.744444e-01
3.417778e-01 9.744444e-01
3.420000e-01 9.744444e-01
3.422222e-01 9.744444e-01
3.424444e-01 9.744444e-01
3.426667e-01 9.744444e-01
3.428889e-01 9.744444e-01
3.431111e-01 9.744444e-01
3.433333e-01 9.744444e-01
3.435556e-01 9.744444e-01
3.437778e-01 9.744444e-01
3.440000e-01 9.744444e-01
3.442222e-01 9.744444e-01
3.444444e-01 9.744444e-01
3.446667e-01 9.744444e-01
3.448889e-01 9.744444e-01
3.451111e-01 9.744444e-01
3.453333e-01 9.744444e-01
3.455556e-01 9.744444e-01
3.457778e-01 9.744444e-01
3.460000e-01 9.744444e-01
3.462222e-01 9.744444e-01
3.464444e-01 9.744444e-01
3.466667e-01 9.744444e-01
3.468889e-01 9.744444e-01
3.471111e-01 9.744444e-01
3.473333e-01 9.744444e-01
3.475556e-01 9.744444e-01
3.477778e-01 9.744444e-01
3.480000e-01 9.733333e-01
3.482222e-01 9.733333e-01
3.484444e-01 9.733333e-01
3.486667e-01 9.733333e-01
3.488889e-01 9.733333e-01
3.491111e-01 9.733333e-01
3.493333e-01 9.733333e-01
3.495556e-01 9.733333e-01
3.497778e-01 9.733333e-01
3.500000e-01 9.733333e-01
3.502222e-01 9.733333e-01
3.504444e-01 9.733333e-01
3.506667e-01 9.733333e-01
3.508889e-01 9.733333e-01
3.511111e-01 9.733333e-01
3.513333e-01 9.733333e-01
3.515556e-01 9.733333e-01
3.517778e-01 9.733333e-01
3.520000e-01 9.733333e-01
3.522222e-01 9.733333e-01
3.524444e-01 9.733333e-01
3.526667e-01 9.733333e-01
3.528889e-01 9.733333e-01
3.531111e-01 9.733333e-01
3.533333e-01 9.733333e-01
3.535556e-01 9.733333e-01
3.537778e-01 9.733333e-01
3.540000e-01 9.733333e-01
3.542222e-01 9.733333e-01
3.544444e-01 9.733333e-01
3.546667e-01 9.733333e-01
3.548889e-01 9.733333e-01
3.551111e-01 9.733333e-01
3.553333e-01 9.733333e-01
3.555556e-01 9.733333e-01
3.557778e-01 9.733333e-01
3.560000e-01 9.733333e-01
3.562222e-01 9.733333e-01
3.564444e-01 9.733333e-01
3.566667e-01 9.733333e-01
3.568889e-01 9.722222e-01
3.571111e-01 9.722222e-01
3.573333e-01 9.722222e-01
3.575556e-01 9.722222e-01
3.577778e-01 9.722222e-01
3.580000e-01 9.722222e-01
3.582222e-01 9.722222e-01
3.584444e-01 9.722222e-01
3.586667e-01 9.722222e-01
3.588889e-01 9.722222e-01
3.591111e-01 9.722222e-01
3.593333e-01 9.722222e-01
3.595556e-01 9.722222e-01
3.597778e-01 9.722222e-01
3.600000e-01 9.722222e-01
3.602222e-01 9.722222e-01
3.604444e-01 9.722222e-01
3.606667e-01 9.722222e-01
3.608889e-01 9.722222e-01
3.611111e-01 9.722222e-01
3.613333e-01 9.722222e-01
3.615556e-01 9.722222e-01
3.617778e-01 9.722222e-01
3.620000e-01 9.722222e-01
3.622222e-01 9.722222e-01
3.624444e-01 9.722222e-01
3.626667e-01 9.722222e-01
3.628889e-01 9.722222e-01
3.631111e-01 9.722222e-01
3.633333e-01 9.722222e-01
3.635556e-01 9.722222e-01
3.637778e-01 9.722222e-01
3.640000e-01 9.722222e-01
3.642222e-01 9.722222e-01
3.644444e-01 9.722222e-01
3.646667e-01 9.711111e-01
3.648889e-01 9.711111e-01
3.651111e-01 9.711111e-01
3.653333e-01 9.711111e-01
3.655556e-01 9.711111e-01
3.657778e-01 9.711111e-01
3.660000e-01 9.711111e-01
3.662222e-01 9.711111e-01
3.664444e-01 9.711111e-01
3.666667e-01 9.711111e-01
3.668889e-01 9.711111e-01
3.671111e-01 9.711111e-01
3.673333e-01 9.711111e-01
3.675556e-01 9.711111e-01
3.677778e-01 9.711111e-01
3.680000e-01 9.711111e-01
3.682222e-01 9.711111e-01
3.684444e-01 9.711111e-01
3.686667e-01 9.711111e-01
3.688889e-01 9.711111e-01
3.691111e-01 9.711111e-01
3.693333e-01 9.711111e-01
3.695556e-01 9.711111e-01
3.697778e-01 9.711111e-01
3.700000e-01 9.711111e-01
3.702222e-01 9.711111e-01
3.704444e-01 9.711111e-01
3.706667e-01 9.711111e-01
3.708889e-01 9.711111e-01
3.711111e-01 9.711111e-01
3.713333e-01 9.711111e-01
3.715556e-01 9.700000e-01
3.717778e-01 9.700000e-01
3.720000e-01 9.700000e-01
3.722222e-01 9.700000e-01
3.724444e-01 9.700000e-01
3.726667e-01 9.700000e-01
3.728889e-01 9.700000e-01
3.731111e-01 9.700000e-01
3.733333e-01 9.700000e-01
3.735556e-01 9.700000e-01
3.737778e-01 9.700000e-01
3.740000e-01 9.700000e-01
3.742222e-01 9.700000e-01
3.744444e-01 9.700000e-01
3.746667e-01 9.700000e-01
3.748889e-01 9.700000e-01
3.751111e-01 9.700000e-01
3.753333e-01 9.700000e-01
3.755556e-01 9.700000e-01
3.757778e-01 9.700000e-01
3.760000e-01 9.700000e-01
3.762222e-01 9.700000e-01
3.764444e-01 9.700000e-01
3.766667e-01 9.700000e-01
3.768889e-01 9.700000e-01
3.771111e-01 9.700000e-01
3.773333e-01 9.700000e-01
3.775556e-01 9.688889e-01
3.777778e-01 9.688889e-01
3.780000e-01 9.688889e-01
3.782222e-01 9.688889e-01
3.784444e-01 9.688889e-01
3.786667e-01 9.688889e-01
3.788889e-01 9.688889e-01
3.791111e-01 9.688889e-01
3.793333e-01 9.688889e-01
3.795556e-01 9.688889e-01
3.797778e-01 9.688889e-01
3.800000e-01 9.688889e-01
3.802222e-01 9.688889e-01
3.804444e-01 9.688889e-01
3.806667e-01 9.688889e-01
3.808889e-01 9.688889e-01
3.811111e-01 9.688889e-01
3.813333e-01 9.688889e-01
3.815556e-01 9.688889e-01
3.817778e-01 9.688889e-01
3.820000e-01 9.688889e-01
3.822222e-01 9.688889e-01
3.824444e-01 9.688889e-01
3.826667e-01 9.688889e-01
3.828889e-01 9.688889e-01
3.831111e-01 9.688889e-01
3.833333e-01 9.677778e-01
3.835556e-01 9.677778e-01
3.837778e-01 9.677778e-01
3.840000e-01 9.677778e-01
3.842222e-01 9.677778e-01
3.844444e-01 9.677778e-01
3.846667e-01 9.677778e-01
3.848889e-01 9.677778e-01
3.851111e-01 9.677778e-01
3.853333e-01 9.677778e-01
3.855556e-01 9.677778e-01
3.857778e-01 9.677778e-01
3.860000e-01 9.677778e-01
3.862222e-01 9.677778e-01
3.864444e-01 9.677778e-01
3.866667e-01 9.677778e-01
3.868889e-01 9.677778e-01
3.871111e-01 9.677778e-01
3.873333e-01 9.677778e-01
3.875556e-01 9.677778e-01
3.877778e-01 9.677778e-01
3.880000e-01 9.677778e-01
3.882222e-01 9.677778e-01
3.884444e-01 9.677778e-01
3.886667e-01 9.666667e-01
3.888889e-01 9.666667e-01
3.891111e-01 9.666667e-01
3.893333e-01 9.666667e-01
3.895556e-01 9.666667e-01
3.897778e-01 9.666667e-01
3.900000e-01 9.666667e-01
3.902222e-01 9.666667e-01
3.904444e-01 9.666667e-01
3.906667e-01 9.666667e-01
3.908889e-01 9.666667e-01
3.911111e-01 9.666667e-01
3.913333e-01 9.666667e-01
3.915556e-01 9.666667e-01
3.917778e-01 9.666667e-01
3.920000e-01 9.666667e-01
3.922222e-01 9.666667e-01
3.924444e-01 9.666667e-01
3.926667e-01 9.666667e-01
3.928889e-01 9.666667e-01
3.931111e-01 9.666667e-01
3.933333e-01 9.666667e-01
3.935556e-01 9.655556e-01
3.937778e-01 9.655556e-01
3.940000e-01 9.655556e-01
3.942222e-01 9.655556e-01
3.944444e-01 9.655556e-01
3.946667e-01 9.655556e-01
3.948889e-01 9.655556e-01
3.951111e-01 9.655556e-01
3.953333e-01 9.655556e-01
3.955556e-01 9.655556e-01
3.957778e-01 9.655556e-01
3.960000e-01 9.655556e-01
3.962222e-01 9.655556e-01
3.964444e-01 9.655556e-01
3.966667e-01 9.655556e-01
3.968889e-01 9.655556e-01
3.971111e-01 9.655556e-01
3.973333e-01 9.655556e-01
3.975556e-01 9.655556e-01
3.977778e-01 9.655556e-01
3.980000e-01 9.644444e-01
3.982222e-01 9.644444e-01
3.984444e-01 9.644444e-01
3.986667e-01 9.644444e-01
3.988889e-01 9.644444e-01
3.991111e-01 9.644444e-01
3.993333e-01 9.644444e-01
3.995556e-01 9.644444e-01
3.997778e-01 9.644444e-01
4.000000e-01 9.644444e-01
4.002222e-01 9.644444e-01
4.004444e-01 9.644444e-01
4.006667e-01 9.644444e-01
4.008889e-01 9.644444e-01
4.011111e-01 9.644444e-01
4.013333e-01 9.644444e-01
4.015556e-01 9.644444e-01
4.017778e-01 9.644444e-01
4.020000e-01 9.644444e-01
4.022222e-01 9.644444e-01
4.024444e-01 9.633333e-01
4.026667e-01 9.633333e-01
4.028889e-01 9.633333e-01
4.031111e-01 9.633333e-01
4.033333e-01 9.633333e-01
4.035556e-01 9.633333e-01
4.037778e-01 9.633333e-01
4.040000e-01 9.633333e-01
4.042222e-01 9.633333e-01
4.044444e-01 9.633333e-01
4.046667e-01 9.633333e-01
4.048889e-01 9.633333e-01
4.051111e-01 9.633333e-01
4.053333e-01 9.633333e-01
4.055556e-01 9.633333e-01
4.057778e-01 9.633333e-01
4.060000e-01 9.633333e-01
4.062222e-01 9.633333e-01
4.064444e-01 9.622222e-01
4.066667e-01 9.622222e-01
4.068889e-01 9.622222e-01
4.071111e-01 9.622222e-01
4.073333e-01 9.622222e-01
4.075556e-01 9.622222e-01
4.077778e-01 9.622222e-01
4.080000e-01 9.622222e-01
4.082222e-01 9.622222e-01
4.084444e-01 9.622222e-01
4.086667e-01 9.622222e-01
4.088889e-01 9.622222e-01
4.091111e-01 9.622222e-01
4.093333e-01 9.622222e-01
4.095556e-01 9.622222e-01
4.097778e-01 9.622222e-01
4.100000e-01 9.622222e-01
4.102222e-01 9.622222e-01
4.104444e-01 9.611111e-01
4.106667e-01 9.611111e-01
4.108889e-01 9.611111e-01
4.111111e-01 9.611111e-01
4.113333e-01 9.611111e-01
4.115556e-01 9.611111e-01
4.117778e-01 9.611111e-01
4.120000e-01 9.611111e-01
4.122222e-01 9.611111e-01
4.124444e-01 9.611111e-01
4.126667e-01 9.611111e-01
4.128889e-01 9.611111e-01
4.131111e-01 9.611111e-01
4.133333e-01 9.611111e-01
4.135556e-01 9.611111e-01
4.137778e-01 9.611111e-01
4.140000e-01 9.600000e-01
4.142222e-01 9.600000e-01
4.144444e-01 9.600000e-01
4.146667e-01 9.600000e-01
4.148889e-01 9.600000e-01
4.151111e-01 9.600000e-01
4.153333e-01 9.600000e-01
4.155556e-01 9.600000e-01
4.157778e-01 9.600000e-01
4.160000e-01 9.600000e-01
4.162222e-01 9.600000e-01
4.164444e-01 9.600000e-01
4.166667e-01 9.600000e-01
4.168889e-01 9.600000e-01
4.171111e-01 9.600000e-01
4.173333e-01 9.600000e-01
4.175556e-01 9.588889e-01
4.177778e-01 9.588889e-01
4.180000e-01 9.588889e-01
4.182222e-01 9.588889e-01
4.184444e-01 9.588889e-01
4.186667e-01 9.588889e-01
4.188889e-01 9.588889e-01
4.191111e-01 9.588889e-01
4.193333e-01 9.588889e-01
4.195556e-01 9.588889e-01
4.197778e-01 9.588889e-01
4.200000e-01 9.588889e-01
4.202222e-01 9.588889e-01
4.204444e-01 9.588889e-01
4.206667e-01 9.588889e-01
4.208889e-01 9.577778e-01
4.211111e-01 9.577778e-01
4.213333e-01 9.577778e-01
4.215556e-01 9.577778e-01
4.217778e-01 9.577778e-01
4.220000e-01 9.577778e-01
4.222222e-01 9.577778e-01
4.224444e-01 9.577778e-01
4.226667e-01 9.577778e-01
4.228889e-01 9.577778e-01
4.231111e-01 9.577778e-01
4.233333e-01 9.577778e-01
4.235556e-01 9.577778e-01
4.237778e-01 9.577778e-01
4.240000e-01 9.566667e-01
4.242222e-01 9.566667e-01
4.244444e-01 9.566667e-01
4.246667e-01 9.566667e-01
4.248889e-01 9.566667e-01
4.251111e-01 9.566667e-01
4.253333e-01 9.566667e-01
4.255556e-01 9.566667e-01
4.257778e-01 9.566667e-01
4.260000e-01 9.566667e-01
4.262222e-01 9.566667e-01
4.264444e-01 9.566667e-01
4.266667e-01 9.566667e-01
4.268889e-01 9.555556e-01
4.271111e-01 9.555556e-01
4.273333e-01 9.555556e-01
4.275556e-01 9.555556e-01
4.277778e-01 9.555556e-01
4.280000e-01 9.555556e-01
4.282222e-01 9.555556e-01
4.284444e-01 9.555556e-01
4.286667e-01 9.555556e-01
4.288889e-01 9.555556e-01
4.291111e-01 9.555556e-01
4.293333e-01 9.555556e-01
4.295556e-01 9.555556e-01
4.297778e-01 9.544444e-01
4.300000e-01 9.544444e-01
4.302222e-01 9.544444e-01
4.304444e-01 9.544444e-01
4.306667e-01 9.544444e-01
4.308889e-01 9.544444e-01
4.311111e-01 9.544444e-01
4.313333e-01 9.544444e-01
4.315556e-01 9.544444e-01
4.317778e-01 9.544444e-01
4.320000e-01 9.544444e-01
4.322222e-01 9.544444e-01
4.324444e-01 9.533333e-01
4.326667e-01 9.533333e-01
4.328889e-01 9.533333e-01
4.331111e-01 9.533333e-01
4.333333e-01 9.533333e-01
4.335556e-01 9.533333e-01
4.337778e-01 9.533333e-01
4.340000e-01 9.533333e-01
4.342222e-01 9.533333e-01
4.344444e-01 9.533333e-01
4.346667e-01 9.533333e-01
4.348889e-01 9.533333e-01
4.351111e-01 9.522222e-01
4.353333e-01 9.522222e-01
4.355556e-01 9.522222e-01
4.357778e-01 9.522222e-01
4.360000e-01 9.522222e-01
4.362222e-01 9.522222e-01
4.364444e-01 9.522222e-01
4.366667e-01 9.522222e-01
4.368889e-01 9.522222e-01
4.371111e-01 9.522222e-01
4.373333e-01 9.522222e-01
4.375556e-01 9.511111e-01
4.377778e-01 9.511111e-01
4.380000e-01 9.511111e-01
4.382222e-01 9.511111e-01
4.384444e-01 9.511111e-01
4.386667e-01 9.511111e-01
4.388889e-01 9.511111e-01
4.391111e-01 9.511111e-01
4.393333e-01 9.511111e-01
4.395556e-01 9.511111e-01
4.397778e-01 9.500000e-01
4.400000e-01 9.500000e-01
4.402222e-01 9.500000e-01
4.404444e-01 9.500000e-01
4.406667e-01 9.500000e-01
4.408889e-01 9.500000e-01
4.411111e-01 9.500000e-01
4.413333e-01 9.500000e-01
4.415556e-01 9.500000e-01
4.417778e-01 9.500000e-01
4.420000e-01 9.488889e-01
4.422222e-01 9.488889e-01
4.424444e-01 9.488889e-01
4.426667e-01 9.488889e-01
4.428889e-01 9.488889e-01
4.431111e-01 9.488889e-01
4.433333e-01 9.488889e-01
4.435556e-01 9.488889e-01
4.437778e-01 9.488889e-01
4.440000e-01 9.488889e-01
4.442222e-01 9.477778e-01
4.444444e-01 9.477778e-01
4.446667e-01 9.477778e-01
4.448889e-01 9.477778e-01
4.451111e-01 9.477778e-01
4.453333e-01 9.477778e-01
4.455556e-01 9.477778e-01
4.457778e-01 9.477778e-01
4.460000e-01 9.477778e-01
4.462222e-01 9.466667e-01
4.464444e-01 9.466667e-01
4.466667e-01 9.466667e-01
4.468889e-01 9.466667e-01
4.471111e-01 9.466667e-01
4.473333e-01 9.466667e-01
4.475556e-01 9.466667e-01
4.477778e-01 9.466667e-01
4.480000e-01 9.455556e-01
4.482222e-01 9.455556e-01
4.484444e-01 9.455556e-01
4.486667e-01 9.455556e-01
4.488889e-01 9.455556e-01
4.491111e-01 9.455556e-01
4.493333e-01 9.455556e-01
4.495556e-01 9.455556e-01
4.497778e-01 9.455556e-01
4.500000e-01 9.444444e-01
4.502222e-01 9.444444e-01
4.504444e-01 9.444444e-01
4.506667e-01 9.444444e-01
4.508889e-01 9.444444e-01
4.511111e-01 9.444444e-01
4.513333e-01 9.444444e-01
4.515556e-01 9.444444e-01
4.517778e-01 9.433333e-01
4.520000e-01 9.433333e-01
4.522222e-01 9.433333e-01
4.524444e-01 9.433333e-01
4.526667e-01 9.433333e-01
4.528889e-01 9.433333e-01
4.531111e-01 9.433333e-01
4.533333e-01 9.422222e-01
4.535556e-01 9.422222e-01
4.537778e-01 9.422222e-01
4.540000e-01 9.422222e-01
4.542222e-01 9.422222e-01
4.544444e-01 9.422222e-01
4.546667e-01 9.422222e-01
4.548889e-01 9.411111e-01
4.551111e-01 9.411111e-01
4.553333e-01 9.411111e-01
4.555556e-01 9.411111e-01
4.557778e-01 9.411111e-01
4.560000e-01 9.411111e-01
4.562222e-01 9.411111e-01
4.564444e-01 9.400000e-01
4.566667e-01 9.400000e-01
4.568889e-01 9.400000e-01
4.571111e-01 9.400000e-01
4.573333e-01 9.400000e-01
4.575556e-01 9.400000e-01
4.577778e-01 9.400000e-01
4.580000e-01 9.388889e-01
4.582222e-01 9.388889e-01
4.584444e-01 9.388889e-01
4.586667e-01 9.388889e-01
4.588889e-01 9.388889e-01
4.591111e-01 9.388889e-01
4.593333e-01 9.377778e-01
4.595556e-01 9.377778e-01
4.597778e-01 9.377778e-01
4.600000e-01 9.377778e-01
4.602222e-01 9.377778e-01
4.604444e-01 9.377778e-01
4.606667e-01 9.366667e-01
4.608889e-01 9.366667e-01
4.611111e-01 9.366667e-01
4.613333e-01 9.366667e-01
4.615556e-01 9.366667e-01
4.617778e-01 9.366667e-01
4.620000e-01 9.355556e-01
4.622222e-01 9.355556e-01
4.624444e-01 9.355556e-01
4.626667e-01 9.355556e-01
4.628889e-01 9.355556e-01
4.631111e-01 9.344444e-01
4.633333e-01 9.344444e-01
4.635556e-01 9.344444e-01
4.637778e-01 9.344444e-01
4.640000e-01 9.344444e-01
4.642222e-01 9.333333e-01
4.644444e-01 9.333333e-01
4.646667e-01 9.333333e-01
4.648889e-01 9.333333e-01
4.651111e-01 9.333333e-01
4.653333e-01 9.322222e-01
4.655556e-01 9.322222e-01
4.657778e-01 9.322222e-01
4.660000e-01 9.322222e-01
4.662222e-01 9.322222e-01
4.664444e-01 9.311111e-01
4.666667e-01 9.311111e-01
4.668889e-01 9.311111e-01
4.671111e-01 9.311111e-01
4.673333e-01 9.311111e-01
4.675556e-01 9.300000e-01
4.677778e-01 9.300000e-01
4.680000e-01 9.300000e-01
4.682222e-01 9.300000e-01
4.684444e-01 9.288889e-01
4.686667e-01 9.288889e-01
4.688889e-01 9.288889e-01
4.691111e-01 9.288889e-01
4.693333e-01 9.277778e-01
4.695556e-01 9.277778e-01
4.697778e-01 9.277778e-01
4.700000e-01 9.277778e-01
4.702222e-01 9.266667e-01
4.704444e-01 9.266667e-01
4.706667e-01 9.266667e-01
4.708889e-01 9.266667e-01
4.711111e-01 9.255556e-01
4.713333e-01 9.255556e-01
4.715556e-01 9.255556e-01
4.717778e-01 9.255556e-01
4.720000e-01 9.244444e-01
4.722222e-01 9.244444e-01
4.724444e-01 9.244444e-01
4.726667e-01 9.233333e-01
4.728889e-01 9.233333e-01
4.731111e-01 9.233333e-01
4.733333e-01 9.233333e-01
4.735556e-01 9.222222e-01
4.737778e-01 9.222222e-01
4.740000e-01 9.222222e-01
4.742222e-01 9.211111e-01
4.744444e-01 9.211111e-01
4.746667e-01 9.211111e-01
4.748889e-01 9.200000e-01
4.751111e-01 9.200000e-01
4.753333e-01 9.200000e-01
4.755556e-01 9.188889e-01
4.757778e-01 9.188889e-01
4.760000e-01 9.188889e-01
4.762222e-01 9.177778e-01
4.764444e-01 9.177778e-01
4.766667e-01 9.177778e-01
4.768889e-01 9.166667e-01
4.771111e-01 9.166667e-01
4.773333e-01 9.166667e-01
4.775556e-01 9.155556e-01
4.777778e-01 9.155556e-01
4.780000e-01 9.144444e-01
4.782222e-01 9.144444e-01
4.784444e-01 9.144444e-01
4.786667e-01 9.133333e-01
4.788889e-01 9.133333e-01
4.791111e-01 9.122222e-01
4.793333e-01 9.122222e-01
4.795556e-01 9.122222e-01
4.797778e-01 9.111111e-01
4.800000e-01 9.111111e-01
4.802222e-01 9.100000e-01
4.804444e-01 9.100000e-01
4.806667e-01 9.088889e-01
4.808889e-01 9.088889e-01
4.811111e-01 9.077778e-01
4.813333e-01 9.077778e-01
4.815556e-01 9.066667e-01
4.817778e-01 9.066667e-01
4.820000e-01 9.055556e-01
4.822222e-01 9.055556e-01
4.824444e-01 9.044444e-01
4.826667e-01 9.044444e-01
4.828889e-01 9.033333e-01
4.831111e-01 9.033333e-01
4.833333e-01 9.022222e-01
4.835556e-01 9.011111e-01
4.837778e-01 9.011111e-01
4.840000e-01 9.000000e-01
4.842222e-01 9.000000e-01
4.844444e-01 8.988889e-01
4.846667e-01 8.977778e-01
4.848889e-01 8.977778e-01
4.851111e-01 8.966667e-01
4.853333e-01 8.955556e-01
4.855556e-01 8.955556e-01
4.857778e-01 8.944444e-01
4.860000e-01 8.933333e-01
4.862222e-01 8.922222e-01
4.864444e-01 8.911111e-01
4.866667e-01 8.911111e-01
4.868889e-01 8.900000e-01
4.871111e-01 8.888889e-01
4.873333e-01 8.877778e-01
4.875556e-01 8.866667e-01
4.877778e-01 8.855556e-01
4.880000e-01 8.844444e-01
4.882222e-01 8.833333e-01
4.884444e-01 8.822222e-01
4.886667e-01 8.811111e-01
4.888889e-01 8.800000e-01
4.891111e-01 8.788889e-01
4.893333e-01 8.777778e-01
4.895556e-01 8.766667e-01
4.897778e-01 8.755556e-01
4.900000e-01 8.744444e-01
4.902222e-01 8.722222e-01
4.904444e-01 8.711111e-01
4.906667e-01 8.700000e-01
4.908889e-01 8.677778e-01
4.911111e-01 8.666667e-01
4.913333e-01 8.644444e-01
4.915556e-01 8.633333e-01
4.917778e-01 8.611111e-01
4.920000e-01 8.600000e-01
4.922222e-01 8.577778e-01
4.924444e-01 8.555556e-01
4.926667e-01 8.533333e-01
4.928889e-01 8.511111e-01
4.931111e-01 8.488889e-01
4.933333e-01 8.466667e-01
4.935556e-01 8.433333e-01
4.937778e-01 8.411111e-01
4.940000e-01 8.377778e-01
4.942222e-01 8.355556e-01
4.944444e-01 8.322222e-01
4.946667e-01 8.288889e-01
4.948889e-01 8.255556e-01
4.951111e-01 8.211111e-01
4.953333e-01 8.166667e-01
4.955556e-01 8.133333e-01
4.957778e-01 8.077778e-01
4.960000e-01 8.033333e-01
4.962222e-01 7.977778e-01
4.964444e-01 7.911111e-01
4.966667e-01 7.844444e-01
4.968889e-01 7.777778e-01
4.971111e-01 7.700000e-01
4.973333e-01 7.611111e-01
4.975556e-01 7.500000e-01
4.977778e-01 7.388889e-01
4.980000e-01 7.255556e-01
4.982222e-01 7.100000e-01
4.984444e-01 6.911111e-01
4.986667e-01 6.688889e-01
4.988889e-01 6.400000e-01
4.991111e-01 6.022222e-01
4.993333e-01 5.500000e-01
4.995556e-01 0.000000e+00
4.997778e-01 0.000000e+00
5.000000e-01 0.000000e+00
5.002222e-01 0.000000e+00
5.004444e-01 0.000000e+00
5.006667e-01 0.000000e+00
5.008889e-01 0.000000e+00
5.011111e-01 0.000000e+00
5.013333e-01 0.000000e+00
5.015556e-01 0.000000e+00
5.017778e-01 0.000000e+00
5.020000e-01 0.000000e+00
5.022222e-01 0.000000e+00
5.024444e-01 0.000000e+00
5.026667e-01 0.000000e+00
5.028889e-01 0.000000e+00
5.031111e-01 0.000000e+00
5.033333e-01 0.000000e+00
5.035556e-01 0.000000e+00
5.037778e-01 0.000000e+00
5.040000e-01 0.000000e+00
5.042222e-01 0.000000e+00
5.044444e-01 0.000000e+00
5.046667e-01 0.000000e+00
5.048889e-01 0.000000e+00
5.051111e-01 0.000000e+00
5.053333e-01 0.000000e+00
5.055556e-01 0.000000e+00
5.057778e-01 0.000000e+00
5.060000e-01 0.000000e+00
5.062222e-01 0.000000e+00
5.064444e-01 0.000000e+00
5.066667e-01 0.000000e+00
5.068889e-01 0.000000e+00
5.071111e-01 0.000000e+00
5.073333e-01 0.000000e+00
5.075556e-01 0.000000e+00
5.077778e-01 0.000000e+00
5.080000e-01 0.000000e+00
5.082222e-01 0.000000e+00
5.084444e-01 0.000000e+00
5.086667e-01 0.000000e+00
5.088889e-01 0.000000e+00
5.091111e-01 0.000000e+00
5.093333e-01 0.000000e+00
5.095556e-01 0.000000e+00
5.097778e-01 0.000000e+00
5.100000e-01 0.000000e+00
5.102222e-01 0.000000e+00
5.104444e-01 0.000000e+00
5.106667e-01 0.000000e+00
5.108889e-01 0.000000e+00
5.111111e-01 0.000000e+00
5.113333e-01 0.000000e+00
5.115556e-01 0.000000e+00
5.117778e-01 0.000000e+00
5.120000e-01 0.000000e+00
5.122222e-01 0.000000e+00
5.124444e-01 0.000000e+00
5.126667e-01 0.000000e+00
5.128889e-01 0.000000e+00
5.131111e-01 0.000000e+00
5.133333e-01 0.000000e+00
5.135556e-01 0.000000e+00
5.137778e-01 0.000000e+00
5.140000e-01 0.000000e+00
5.142222e-01 0.000000e+00
5.144444e-01 0.000000e+00
5.146667e-01 0.000000e+00
5.148889e-01 0.000000e+00
5.151111e-01 0.000000e+00
5.153333e-01 0.000000e+00
5.155556e-01 0.000000e+00
5.157778e-01 0.000000e+00
5.160000e-01 0.000000e+00
5.162222e-01 0.000000e+00
5.164444e-01 0.000000e+00
5.166667e-01 0.000000e+00
5.168889e-01 0.000000e+00
5.171111e-01 0.000000e+00
5.173333e-01 0.000000e+00
5.175556e-01 0.000000e+00
5.177778e-01 0.000000e+00
5.180000e-01 0.000000e+00
5.182222e-01 0.000000e+00
5.184444e-01 0.000000e+00
5.186667e-01 0.000000e+00
5.188889e-01 0.000000e+00
5.191111e-01 0.000000e+00
5.193333e-01 0.000000e+00
5.195556e-01 0.000000e+00
5.197778e-01 0.000000e+00
5.200000e-01 0.000000e+00
5.202222e-01 0.000000e+00
5.204444e-01 0.000000e+00
5.206667e-01 0.000000e+00
5.208889e-01 0.000000e+00
5.211111e-01 0.000000e+00
5.213333e-01 0.000000e+00
5.215556e-01 0.000000e+00
5.217778e-01 0.000000e+00
5.220000e-01 0.000000e+00
5.222222e-01 0.000000e+00
5.224444e-01 0.000000e+00
5.226667e-01 0.000000e+00
5.228889e-01 0.000000e+00
5.231111e-01 0.000000e+00
5.233333e-01 0.000000e+00
5.235556e-01 0.000000e+00
5.237778e-01 0.000000e+00
5.240000e-01 0.000000e+00
5.242222e-01 0.000000e+00
5.244444e-01 0.000000e+00
5.246667e-01 0.000000e+00
5.248889e-01 0.000000e+00
5.251111e-01 0.000000e+00
5.253333e-01 0.000000e+00
5.255556e-01 0.000000e+00
5.257778e-01 0.000000e+00
5.260000e-01 0.000000e+00
5.262222e-01 0.000000e+00
5.264444e-01 0.000000e+00
5.266667e-01 0.000000e+00
5.268889e-01 0.000000e+00
5.271111e-01 0.000000e+00
5.273333e-01 0.000000e+00
5.275556e-01 0.000000e+00
5.277778e-01 0.000000e+00
5.280000e-01 0.000000e+00
5.282222e-01 0.000000e+00
5.284444e-01 0.000000e+00
5.286667e-01 0.000000e+00
5.288889e-01 0.000000e+00
5.291111e-01 0.000000e+00
5.293333e-01 0.000000e+00
5.295556e-01 0.000000e+00
5.297778e-01 0.000000e+00
5.300000e-01 0.000000e+00
5.302222e-01 0.000000e+00
5.304444e-01 0.000000e+00
5.306667e-01 0.000000e+00
5.308889e-01 0.000000e+00
5.311111e-01 0.000000e+00
5.313333e-01 0.000000e+00
5.315556e-01 0.000000e+00
5.317778e-01 0.000000e+00
5.320000e-01 0.000000e+00
5.322222e-01 0.000000e+00
5.324444e-01 0.000000e+00
5.326667e-01 0.000000e+00
5.328889e-01 0.000000e+00
5.331111e-01 0.000000e+00
5.333333e-01 0.000000e+00
5.335556e-01 0.000000e+00
5.337778e-01 0.000000e+00
5.340000e-01 0.000000e+00
5.342222e-01 0.000000e+00
5.344444e-01 0.000000e+00
5.346667e-01 0.000000e+00
5.348889e-01 0.000000e+00
5.351111e-01 0.000000e+00
5.353333e-01 0.000000e+00
5.355556e-01 0.000000e+00
5.357778e-01 0.000000e+00
5.360000e-01 0.000000e+00
5.362222e-01 0.000000e+00
5.364444e-01 0.000000e+00
5.366667e-01 0.000000e+00
5.368889e-01 0.000000e+00
5.371111e-01 0.000000e+00
5.373333e-01 0.000000e+00
5.375556e-01 0.000000e+00
5.377778e-01 0.000000e+00
5.380000e-01 0.000000e+00
5.382222e-01 0.000000e+00
5.384444e-01 0.000000e+00
5.386667e-01 0.000000e+00
5.388889e-01 0.000000e+00
5.391111e-01 0.000000e+00
5.393333e-01 0.000000e+00
5.395556e-01 0.000000e+00
5.397778e-01 0.000000e+00
5.400000e-01 0.000000e+00
5.402222e-01 0.000000e+00
5.404444e-01 0.000000e+00
5.406667e-01 0.000000e+00
5.408889e-01 0.000000e+00
5.411111e-01 0.000000e+00
5.413333e-01 0.000000e+00
5.415556e-01 0.000000e+00
5.417778e-01 0.000000e+00
5.420000e-01 0.000000e+00
5.422222e-01 0.000000e+00
5.424444e-01 0.000000e+00
5.426667e-01 0.000000e+00
5.428889e-01 0.000000e+00
5.431111e-01 0.000000e+00
5.433333e-01 0.000000e+00
5.435556e-01 0.000000e+00
5.437778e-01 0.000000e+00
5.440000e-01 0.000000e+00
5.442222e-01 0.000000e+00
5.444444e-01 0.000000e+00
5.446667e-01 0.000000e+00
5.448889e-01 0.000000e+00
5.451111e-01 0.000000e+00
5.453333e-01 0.000000e+00
5.455556e-01 0.000000e+00
5.457778e-01 0.000000e+00
5.460000e-01 0.000000e+00
5.462222e-01 0.000000e+00
5.464444e-01 0.000000e+00
5.466667e-01 0.000000e+00
5.468889e-01 0.000000e+00
5.471111e-01 0.000000e+00
5.473333e-01 0.000000e+00
5.475556e-01 0.000000e+00
5.477778e-01 0.000000e+00
5.480000e-01 0.000000e+00
5.482222e-01 0.000000e+00
5.484444e-01 0.000000e+00
5.486667e-01 0.000000e+00
5.488889e-01 0.000000e+00
5.491111e-01 0.000000e+00
5.493333e-01 0.000000e+00
5.495556e-01 0.000000e+00
5.497778e-01 0.000000e+00
5.500000e-01 0.000000e+00
5.502222e-01 0.000000e+00
5.504444e-01 0.000000e+00
5.506667e-01 0.000000e+00
5.508889e-01 0.000000e+00
5.511111e-01 0.000000e+00
5.513333e-01 0.000000e+00
5.515556e-01 0.000000e+00
5.517778e-01 0.000000e+00
5.520000e-01 0.000000e+00
5.522222e-01 0.000000e+00
5.524444e-01 0.000000e+00
5.526667e-01 0.000000e+00
5.528889e-01 0.000000e+00
5.531111e-01 0.000000e+00
5.533333e-01 0.000000e+00
5.535556e-01 0.000000e+00
5.537778e-01 0.000000e+00
5.540000e-01 0.000000e+00
5.542222e-01 0.000000e+00
5.544444e-01 0.000000e+00
5.546667e-01 0.000000e+00
5.548889e-01 0.000000e+00
5.551111e-01 0.000000e+00
5.553333e-01 0.000000e+00
5.555556e-01 0.000000e+00
5.557778e-01 0.000000e+00
5.560000e-01 0.000000e+00
5.562222e-01 0.000000e+00
5.564444e-01 0.000000e+00
5.566667e-01 0.000000e+00
5.568889e-01 0.000000e+00
5.571111e-01 0.000000e+00
5.573333e-01 0.000000e+00
5.575556e-01 0.000000e+00
5.577778e-01 0.000000e+00
5.580000e-01 0.000000e+00
5.582222e-01 0.000000e+00
5.584444e-01 0.000000e+00
5.586667e-01 0.000000e+00
5.588889e-01 0.000000e+00
5.591111e-01 0.000000e+00
5.593333e-01 0.000000e+00
5.595556e-01 0.000000e+00
5.597778e-01 0.000000e+00
5.600000e-01 0.000000e+00
5.602222e-01 0.000000e+00
5.604444e-01 0.000000e+00
5.606667e-01 0.000000e+00
5.608889e-01 0.000000e+00
5.611111e-01 0.000000e+00
5.613333e-01 0.000000e+00
5.615556e-01 0.000000e+00
5.617778e-01 0.000000e+00
5.620000e-01 0.000000e+00
5.622222e-01 0.000000e+00
5.624444e-01 0.000000e+00
5.626667e-01 0.000000e+00
5.628889e-01 0.000000e+00
5.631111e-01 0.000000e+00
5.633333e-01 0.000000e+00
5.635556e-01 0.000000e+00
5.637778e-01 0.000000e+00
5.640000e-01 0.000000e+00
5.642222e-01 0.000000e+00
5.644444e-01 0.000000e+00
5.646667e-01 0.000000e+00
5.648889e-01 0.000000e+00
5.651111e-01 0.000000e+00
5.653333e-01 0.000000e+00
5.655556e-01 0.000000e+00
5.657778e-01 0.000000e+00
5.660000e-01 0.000000e+00
5.662222e-01 0.000000e+00
5.664444e-01 0.000000e+00
5.666667e-01 0.000000e+00
5.668889e-01 0.000000e+00
5.671111e-01 0.000000e+00
5.673333e-01 0.000000e+00
5.675556e-01 0.000000e+00
5.677778e-01 0.000000e+00
5.680000e-01 0.000000e+00
5.682222e-01 0.000000e+00
5.684444e-01 0.000000e+00
5.686667e-01 0.000000e+00
5.688889e-01 0.000000e+00
5.691111e-01 0.000000e+00
5.693333e-01 0.000000e+00
5.695556e-01 0.000000e+00
5.697778e-01 0.000000e+00
5.700000e-01 0.000000e+00
5.702222e-01 0.000000e+00
5.704444e-01 0.000000e+00
5.706667e-01 0.000000e+00
5.708889e-01 0.000000e+00
5.711111e-01 0.000000e+00
5.713333e-01 0.000000e+00
5.715556e-01 0.000000e+00
5.717778e-01 0.000000e+00
5.720000e-01 0.000000e+00
5.722222e-01 0.000000e+00
5.724444e-01 0.000000e+00
5.726667e-01 0.000000e+00
5.728889e-01 0.000000e+00
5.731111e-01 0.000000e+00
5.733333e-01 0.000000e+00
5.735556e-01 0.000000e+00
5.737778e-01 0.000000e+00
5.740000e-01 0.000000e+00
5.742222e-01 0.000000e+00
5.744444e-01 0.000000e+00
5.746667e-01 0.000000e+00
5.748889e-01 0.000000e+00
5.751111e-01 0.000000e+00
5.753333e-01 0.000000e+00
5.755556e-01 0.000000e+00
5.757778e-01 0.000000e+00
5.760000e-01 0.000000e+00
5.762222e-01 0.000000e+00
5.764444e-01 0.000000e+00
5.766667e-01 0.000000e+00
5.768889e-01 0.000000e+00
5.771111e-01 0.000000e+00
5.773333e-01 0.000000e+00
5.775556e-01 0.000000e+00
5.777778e-01 0.000000e+00
5.780000e-01 0.000000e+00
5.782222e-01 0.000000e+00
5.784444e-01 0.000000e+00
5.786667e-01 0.000000e+00
5.788889e-01 0.000000e+00
5.791111e-01 0.000000e+00
5.793333e-01 0.000000e+00
5.795556e-01 0.000000e+00
5.797778e-01 0.000000e+00
5.800000e-01 0.000000e+00
5.802222e-01 0.000000e+00
5.804444e-01 0.000000e+00
5.806667e-01 0.000000e+00
5.808889e-01 0.000000e+00
5.811111e-01 0.000000e+00
5.813333e-01 0.000000e+00
5.815556e-01 0.000000e+00
5.817778e-01 0.000000e+00
5.820000e-01 0.000000e+00
5.822222e-01 0.000000e+00
5.824444e-01 0.000000e+00
5.826667e-01 0.000000e+00
5.828889e-01 0.000000e+00
5.831111e-01 0.000000e+00
5.833333e-01 0.000000e+00
5.835556e-01 0.000000e+00
5.837778e-01 0.000000e+00
5.840000e-01 0.000000e+00
5.842222e-01 0.000000e+00
5.844444e-01 0.000000e+00
5.846667e-01 0.000000e+00
5.848889e-01 0.000000e+00
5.851111e-01 0.000000e+00
5.853333e-01 0.000000e+00
5.855556e-01 0.000000e+00
5.857778e-01 0.000000e+00
5.860000e-01 0.000000e+00
5.862222e-01 0.000000e+00
5.864444e-01 0.000000e+00
5.866667e-01 0.000000e+00
5.868889e-01 0.000000e+00
5.871111e-01 0.000000e+00
5.873333e-01 0.000000e+00
5.875556e-01 0.000000e+00
5.877778e-01 0.000000e+00
5.880000e-01 0.000000e+00
5.882222e-01 0.000000e+00
5.884444e-01 0.000000e+00
5.886667e-01 0.000000e+00
5.888889e-01 0.000000e+00
5.891111e-01 0.000000e+00
5.893333e-01 0.000000e+00
5.895556e-01 0.000000e+00
5.897778e-01 0.000000e+00
5.900000e-01 0.000000e+00
5.902222e-01 0.000000e+00
5.904444e-01 0.000000e+00
5.906667e-01 0.000000e+00
5.908889e-01 0.000000e+00
5.911111e-01 0.000000e+00
5.913333e-01 0.000000e+00
5.915556e-01 0.000000e+00
5.917778e-01 0.000000e+00
5.920000e-01 0.000000e+00
5.922222e-01 0.000000e+00
5.924444e-01 0.000000e+00
5.926667e-01 0.000000e+00
5.928889e-01 0.000000e+00
5.931111e-01 0.000000e+00
5.933333e-01 0.000000e+00
5.935556e-01 0.000000e+00
5.937778e-01 0.000000e+00
5.940000e-01 0.000000e+00
5.942222e-01 0.000000e+00
5.944444e-01 0.000000e+00
5.946667e-01 0.000000e+00
5.948889e-01 0.000000e+00
5.951111e-01 0.000000e+00
5.953333e-01 0.000000e+00
5.955556e-01 0.000000e+00
5.957778e-01 0.000000e+00
5.960000e-01 0.000000e+00
5.962222e-01 0.000000e+00
5.964444e-01 0.000000e+00
5.966667e-01 0.000000e+00
5.968889e-01 0.000000e+00
5.971111e-01 0.000000e+00
5.973333e-01 0.000000e+00
5.975556e-01 0.000000e+00
5.977778e-01 0.000000e+00
5.980000e-01 0.000000e+00
5.982222e-01 0.000000e+00
5.984444e-01 0.000000e+00
5.986667e-01 0.000000e+00
5.988889e-01 0.000000e+00
5.991111e-01 0.000000e+00
5.993333e-01 0.000000e+00
5.995556e-01 0.000000e+00
5.997778e-01 0.000000e+00
6.000000e-01 0.000000e+00
6.002222e-01 0.000000e+00
6.004444e-01 0.000000e+00
6.006667e-01 0.000000e+00
6.008889e-01 0.000000e+00
6.011111e-01 0.000000e+00
6.013333e-01 0.000000e+00
6.015556e-01 0.000000e+00
6.017778e-01 0.000000e+00
6.020000e-01 0.000000e+00
6.022222e-01 0.000000e+00
6.024444e-01 0.000000e+00
6.026667e-01 0.000000e+00
6.028889e-01 0.000000e+00
6.031111e-01 0.000000e+00
6.033333e-01 0.000000e+00
6.035556e-01 0.000000e+00
6.037778e-01 0.000000e+00
6.040000e-01 0.000000e+00
6.042222e-01 0.000000e+00
6.044444e-01 0.000000e+00
6.046667e-01 0.000000e+00
6.048889e-01 0.000000e+00
6.051111e-01 0.000000e+00
6.053333e-01 0.000000e+00
6.055556e-01 0.000000e+00
6.057778e-01 0.000000e+00
6.060000e-01 0.000000e+00
6.062222e-01 0.000000e+00
6.064444e-01 0.000000e+00
6.066667e-01 0.000000e+00
6.068889e-01 0.000000e+00
6.071111e-01 0.000000e+00
6.073333e-01 0.000000e+00
6.075556e-01 0.000000e+00
6.077778e-01 0.000000e+00
6.080000e-01 0.000000e+00
6.082222e-01 0.000000e+00
6.084444e-01 0.000000e+00
6.086667e-01 0.000000e+00
6.088889e-01 0.000000e+00
6.091111e-01 0.000000e+00
6.093333e-01 0.000000e+00
6.095556e-01 0.000000e+00
6.097778e-01 0.000000e+00
6.100000e-01 0.000000e+00
6.102222e-01 0.000000e+00
6.104444e-01 0.000000e+00
6.106667e-01 0.000000e+00
6.108889e-01 0.000000e+00
6.111111e-01 0.000000e+00
6.113333e-01 0.000000e+00
6.115556e-01 0.000000e+00
6.117778e-01 0.000000e+00
6.120000e-01 0.000000e+00
6.122222e-01 0.000000e+00
6.124444e-01 0.000000e+00
6.126667e-01 0.000000e+00
6.128889e-01 0.000000e+00
6.131111e-01 0.000000e+00
6.133333e-01 0.000000e+00
6.135556e-01 0.000000e+00
6.137778e-01 0.000000e+00
6.140000e-01 0.000000e+00
6.142222e-01 0.000000e+00
6.144444e-01 0.000000e+00
6.146667e-01 0.000000e+00
6.148889e-01 0.000000e+00
6.151111e-01 0.000000e+00
6.153333e-01 0.000000e+00
6.155556e-01 0.000000e+00
6.157778e-01 0.000000e+00
6.160000e-01 0.000000e+00
6.162222e-01 0.000000e+00
6.164444e-01 0.000000e+00
6.166667e-01 0.000000e+00
6.168889e-01 0.000000e+00
6.171111e-01 0.000000e+00
6.173333e-01 0.000000e+00
6.175556e-01 0.000000e+00
6.177778e-01 0.000000e+00
6.180000e-01 0.000000e+00
6.182222e-01 0.000000e+00
6.184444e-01 0.000000e+00
6.186667e-01 0.000000e+00
6.188889e-01 0.000000e+00
6.191111e-01 0.000000e+00
6.193333e-01 0.000000e+00
6.195556e-01 0.000000e+00
6.197778e-01 0.000000e+00
6.200000e-01 0.000000e+00
6.202222e-01 0.000000e+00
6.204444e-01 0.000000e+00
6.206667e-01 0.000000e+00
6.208889e-01 0.000000e+00
6.211111e-01 0.000000e+00
6.213333e-01 0.000000e+00
6.215556e-01 0.000000e+00
6.217778e-01 0.000000e+00
6.220000e-01 0.000000e+00
6.222222e-01 0.000000e+00
6.224444e-01 0.000000e+00
6.226667e-01 0.000000e+00
6.228889e-01 0.000000e+00
6.231111e-01 0.000000e+00
6.233333e-01 0.000000e+00
6.235556e-01 0.000000e+00
6.237778e-01 0.000000e+00
6.240000e-01 0.000000e+00
6.242222e-01 0.000000e+00
6.244444e-01 0.000000e+00
6.246667e-01 0.000000e+00
6.248889e-01 0.000000e+00
6.251111e-01 0.000000e+00
6.253333e-01 0.000000e+00
6.255556e-01 0.000000e+00
6.257778e-01 0.000000e+00
6.260000e-01 0.000000e+00
6.262222e-01 0.000000e+00
6.264444e-01 0.000000e+00
6.266667e-01 0.000000e+00
6.268889e-01 0.000000e+00
6.271111e-01 0.000000e+00
6.273333e-01 0.000000e+00
6.275556e-01 0.000000e+00
6.277778e-01 0.000000e+00
6.280000e-01 0.000000e+00
6.282222e-01 0.000000e+00
6.284444e-01 0.000000e+00
6.286667e-01 0.000000e+00
6.288889e-01 0.000000e+00
6.291111e-01 0.000000e+00
6.293333e-01 0.000000e+00
6.295556e-01 0.000000e+00
6.297778e-01 0.000000e+00
6.300000e-01 0.000000e+00
6.302222e-01 0.000000e+00
6.304444e-01 0.000000e+00
6.306667e-01 0.000000e+00
6.308889e-01 0.000000e+00
6.311111e-01 0.000000e+00
6.313333e-01 0.000000e+00
6.315556e-01 0.000000e+00
6.317778e-01 0.000000e+00
6.320000e-01 0.000000e+00
6.322222e-01 0.000000e+00
6.324444e-01 0.000000e+00
6.326667e-01 0.000000e+00
6.328889e-01 0.000000e+00
6.331111e-01 0.000000e+00
6.333333e-01 0.000000e+00
6.335556e-01 0.000000e+00
6.337778e-01 0.000000e+00
6.340000e-01 0.000000e+00
6.342222e-01 0.000000e+00
6.344444e-01 0.000000e+00
6.346667e-01 0.000000e+00
6.348889e-01 0.000000e+00
6.351111e-01 0.000000e+00
6.353333e-01 0.000000e+00
6.355556e-01 0.000000e+00
6.357778e-01 0.000000e+00
6.360000e-01 0.000000e+00
6.362222e-01 0.000000e+00
6.364444e-01 0.000000e+00
6.366667e-01 0.000000e+00
6.368889e-01 0.000000e+00
6.371111e-01 0.000000e+00
6.373333e-01 0.000000e+00
6.375556e-01 0.000000e+00
6.377778e-01 0.000000e+00
6.380000e-01 0.000000e+00
6.382222e-01 0.000000e+00
6.384444e-01 0.000000e+00
6.386667e-01 0.000000e+00
6.388889e-01 0.000000e+00
6.391111e-01 0.000000e+00
6.393333e-01 0.000000e+00
6.395556e-01 0.000000e+00
6.397778e-01 0.000000e+00
6.400000e-01 0.000000e+00
6.402222e-01 0.000000e+00
6.404444e-01 0.000000e+00
6.406667e-01 0.000000e+00
6.408889e-01 0.000000e+00
6.411111e-01 0.000000e+00
6.413333e-01 0.000000e+00
6.415556e-01 0.000000e+00
6.417778e-01 0.000000e+00
6.420000e-01 0.000000e+00
6.422222e-01 0.000000e+00
6.424444e-01 0.000000e+00
6.426667e-01 0.000000e+00
6.428889e-01 0.000000e+00
6.431111e-01 0.000000e+00
6.433333e-01 0.000000e+00
6.435556e-01 0.000000e+00
6.437778e-01 0.000000e+00
6.440000e-01 0.000000e+00
6.442222e-01 0.000000e+00
6.444444e-01 0.000000e+00
6.446667e-01 0.000000e+00
6.448889e-01 0.000000e+00
6.451111e-01 0.000000e+00
6.453333e-01 0.000000e+00
6.455556e-01 0.000000e+00
6.457778e-01 0.000000e+00
6.460000e-01 0.000000e+00
6.462222e-01 0.000000e+00
6.464444e-01 0.000000e+00
6.466667e-01 0.000000e+00
6.468889e-01 0.000000e+00
6.471111e-01 0.000000e+00
6.473333e-01 0.000000e+00
6.475556e-01 0.000000e+00
6.477778e-01 0.000000e+00
6.480000e-01 0.000000e+00
6.482222e-01 0.000000e+00
6.484444e-01 0.000000e+00
6.486667e-01 0.000000e+00
6.488889e-01 0.000000e+00
6.491111e-01 0.000000e+00
6.493333e-01 0.000000e+00
6.495556e-01 0.000000e+00
6.497778e-01 0.000000e+00
6.500000e-01 0.000000e+00
6.502222e-01 0.000000e+00
6.504444e-01 0.000000e+00
6.506667e-01 0.000000e+00
6.508889e-01 0.000000e+00
6.511111e-01 0.000000e+00
6.513333e-01 0.000000e+00
6.515556e-01 0.000000e+00
6.517778e-01 0.000000e+00
6.520000e-01 0.000000e+00
6.522222e-01 0.000000e+00
6.524444e-01 0.000000e+00
6.526667e-01 0.000000e+00
6.528889e-01 0.000000e+00
6.531111e-01 0.000000e+00
6.533333e-01 0.000000e+00
6.535556e-01 0.000000e+00
6.537778e-01 0.000000e+00
6.540000e-01 0.000000e+00
6.542222e-01 0.000000e+00
6.544444e-01 0.000000e+00
6.546667e-01 0.000000e+00
6.548889e-01 0.000000e+00
6.551111e-01 0.000000e+00
6.553333e-01 0.000000e+00
6.555556e-01 0.000000e+00
6.557778e-01 0.000000e+00
6.560000e-01 0.000000e+00
6.562222e-01 0.000000e+00
6.564444e-01 0.000000e+00
6.566667e-01 0.000000e+00
6.568889e-01 0.000000e+00
6.571111e-01 0.000000e+00
6.573333e-01 0.000000e+00
6.575556e-01 0.000000e+00
6.577778e-01 0.000000e+00
6.580000e-01 0.000000e+00
6.582222e-01 0.000000e+00
6.584444e-01 0.000000e+00
6.586667e-01 0.000000e+00
6.588889e-01 0.000000e+00
6.591111e-01 0.000000e+00
6.593333e-01 0.000000e+00
6.595556e-01 0.000000e+00
6.597778e-01 0.000000e+00
6.600000e-01 0.000000e+00
6.602222e-01 0.000000e+00
6.604444e-01 0.000000e+00
6.606667e-01 0.000000e+00
6.608889e-01 0.000000e+00
6.611111e-01 0.000000e+00
6.613333e-01 0.000000e+00
6.615556e-01 0.000000e+00
6.617778e-01 0.000000e+00
6.620000e-01 0.000000e+00
6.622222e-01 0.000000e+00
6.624444e-01 0.000000e+00
6.626667e-01 0.000000e+00
6.628889e-01 0.000000e+00
6.631111e-01 0.000000e+00
6.633333e-01 0.000000e+00
6.635556e-01 0.000000e+00
6.637778e-01 0.000000e+00
6.640000e-01 0.000000e+00
6.642222e-01 0.000000e+00
6.644444e-01 0.000000e+00
6.646667e-01 0.000000e+00
6.648889e-01 0.000000e+00
6.651111e-01 0.000000e+00
6.653333e-01 0.000000e+00
6.655556e-01 0.000000e+00
6.657778e-01 0.000000e+00
6.660000e-01 0.000000e+00
6.662222e-01 0.000000e+00
6.664444e-01 0.000000e+00
6.666667e-01 0.000000e+00
6.668889e-01 0.000000e+00
6.671111e-01 0.000000e+00
6.673333e-01 0.000000e+00
6.675556e-01 0.000000e+00
6.677778e-01 0.000000e+00
6.680000e-01 0.000000e+00
6.682222e-01 0.000000e+00
6.684444e-01 0.000000e+00
6.686667e-01 0.000000e+00
6.688889e-01 0.000000e+00
6.691111e-01 0.000000e+00
6.693333e-01 0.000000e+00
6.695556e-01 0.000000e+00
6.697778e-01 0.000000e+00
6.700000e-01 0.000000e+00
6.702222e-01 0.000000e+00
6.704444e-01 0.000000e+00
6.706667e-01 0.000000e+00
6.708889e-01 0.000000e+00
6.711111e-01 0.000000e+00
6.713333e-01 0.000000e+00
6.715556e-01 0.000000e+00
6.717778e-01 0.000000e+00
6.720000e-01 0.000000e+00
6.722222e-01 0.000000e+00
6.724444e-01 0.000000e+00
6.726667e-01 0.000000e+00
6.728889e-01 0.000000e+00
6.731111e-01 0.000000e+00
6.733333e-01 0.000000e+00
6.735556e-01 0.000000e+00
6.737778e-01 0.000000e+00
6.740000e-01 0.000000e+00
6.742222e-01 0.000000e+00
6.744444e-01 0.000000e+00
6.746667e-01 0.000000e+00
6.748889e-01 0.000000e+00
6.751111e-01 0.000000e+00
6.753333e-01 0.000000e+00
6.755556e-01 0.000000e+00
6.757778e-01 0.000000e+00
6.760000e-01 0.000000e+00
6.762222e-01 0.000000e+00
6.764444e-01 0.000000e+00
6.766667e-01 0.000000e+00
6.768889e-01 0.000000e+00
6.771111e-01 0.000000e+00
6.773333e-01 0.000000e+00
6.775556e-01 0.000000e+00
6.777778e-01 0.000000e+00
6.780000e-01 0.000000e+00
6.782222e-01 0.000000e+00
6.784444e-01 0.000000e+00
6.786667e-01 0.000000e+00
6.788889e-01 0.000000e+00
6.791111e-01 0.000000e+00
6.793333e-01 0.000000e+00
6.795556e-01 0.000000e+00
6.797778e-01 0.000000e+00
6.800000e-01 0.000000e+00
6.802222e-01 0.000000e+00
6.804444e-01 0.000000e+00
6.806667e-01 0.000000e+00
6.808889e-01 0.000000e+00
6.811111e-01 0.000000e+00
6.813333e-01 0.000000e+00
6.815556e-01 0.000000e+00
6.817778e-01 0.000000e+00
6.820000e-01 0.000000e+00
6.822222e-01 0.000000e+00
6.824444e-01 0.000000e+00
6.826667e-01 0.000000e+00
6.828889e-01 0.000000e+00
6.831111e-01 0.000000e+00
6.833333e-01 0.000000e+00
6.835556e-01 0.000000e+00
6.837778e-01 0.000000e+00
6.840000e-01 0.000000e+00
6.842222e-01 0.000000e+00
6.844444e-01 0.000000e+00
6.846667e-01 0.000000e+00
6.848889e-01 0.000000e+00
6.851111e-01 0.000000e+00
6.853333e-01 0.000000e+00
6.855556e-01 0.000000e+00
6.857778e-01 0.000000e+00
6.860000e-01 0.000000e+00
6.862222e-01 0.000000e+00
6.864444e-01 0.000000e+00
6.866667e-01 0.000000e+00
6.868889e-01 0.000000e+00
6.871111e-01 0.000000e+00
6.873333e-01 0.000000e+00
6.875556e-01 0.000000e+00
6.877778e-01 0.000000e+00
6.880000e-01 0.000000e+00
6.882222e-01 0.000000e+00
6.884444e-01 0.000000e+00
6.886667e-01 0.000000e+00
6.888889e-01 0.000000e+00
6.891111e-01 0.000000e+00
6.893333e-01 0.000000e+00
6.895556e-01 0.000000e+00
6.897778e-01 0.000000e+00
6.900000e-01 0.000000e+00
6.902222e-01 0.000000e+00
6.904444e-01 0.000000e+00
6.906667e-01 0.000000e+00
6.908889e-01 0.000000e+00
6.911111e-01 0.000000e+00
6.913333e-01 0.000000e+00
6.915556e-01 0.000000e+00
6.917778e-01 0.000000e+00
6.920000e-01 0.000000e+00
6.922222e-01 0.000000e+00
6.924444e-01 0.000000e+00
6.926667e-01 0.000000e+00
6.928889e-01 0.000000e+00
6.931111e-01 0.000000e+00
6.933333e-01 0.000000e+00
6.935556e-01 0.000000e+00
6.937778e-01 0.000000e+00
6.940000e-01 0.000000e+00
6.942222e-01 0.000000e+00
6.944444e-01 0.000000e+00
6.946667e-01 0.000000e+00
6.948889e-01 0.000000e+00
6.951111e-01 0.000000e+00
6.953333e-01 0.000000e+00
6.955556e-01 0.000000e+00
6.957778e-01 0.000000e+00
6.960000e-01 0.000000e+00
6.962222e-01 0.000000e+00
6.964444e-01 0.000000e+00
6.966667e-01 0.000000e+00
6.968889e-01 0.000000e+00
6.971111e-01 0.000000e+00
6.973333e-01 0.000000e+00
6.975556e-01 0.000000e+00
6.977778e-01 0.000000e+00
6.980000e-01 0.000000e+00
6.982222e-01 0.000000e+00
6.984444e-01 0.000000e+00
6.986667e-01 0.000000e+00
6.988889e-01 0.000000e+00
6.991111e-01 0.000000e+00
6.993333e-01 0.000000e+00
6.995556e-01 0.000000e+00
6.997778e-01 0.000000e+00
7.000000e-01 0.000000e+00
7.002222e-01 0.000000e+00
7.004444e-01 0.000000e+00
7.006667e-01 0.000000e+00
7.008889e-01 0.000000e+00
7.011111e-01 0.000000e+00
7.013333e-01 0.000000e+00
7.015556e-01 0.000000e+00
7.017778e-01 0.000000e+00
7.020000e-01 0.000000e+00
7.022222e-01 0.000000e+00
7.024444e-01 0.000000e+00
7.026667e-01 0.000000e+00
7.028889e-01 0.000000e+00
7.031111e-01 0.000000e+00
7.033333e-01 0.000000e+00
7.035556e-01 0.000000e+00
7.037778e-01 0.000000e+00
7.040000e-01 0.000000e+00
7.042222e-01 0.000000e+00
7.044444e-01 0.000000e+00
7.046667e-01 0.000000e+00
7.048889e-01 0.000000e+00
7.051111e-01 0.000000e+00
7.053333e-01 0.000000e+00
7.055556e-01 0.000000e+00
7.057778e-01 0.000000e+00
7.060000e-01 0.000000e+00
7.062222e-01 0.000000e+00
7.064444e-01 0.000000e+00
7.066667e-01 0.000000e+00
7.068889e-01 0.000000e+00
7.071111e-01 0.000000e+00
7.073333e-01 0.000000e+00
7.075556e-01 0.000000e+00
7.077778e-01 0.000000e+00
7.080000e-01 0.000000e+00
7.082222e-01 0.000000e+00
7.084444e-01 0.000000e+00
7.086667e-01 0.000000e+00
7.088889e-01 0.000000e+00
7.091111e-01 0.000000e+00
7.093333e-01 0.000000e+00
7.095556e-01 0.000000e+00
7.097778e-01 0.000000e+00
7.100000e-01 0.000000e+00
7.102222e-01 0.000000e+00
7.104444e-01 0.000000e+00
7.106667e-01 0.000000e+00
7.108889e-01 0.000000e+00
7.111111e-01 0.000000e+00
7.113333e-01 0.000000e+00
7.115556e-01 0.000000e+00
7.117778e-01 0.000000e+00
7.120000e-01 0.000000e+00
7.122222e-01 0.000000e+00
7.124444e-01 0.000000e+00
7.126667e-01 0.000000e+00
7.128889e-01 0.000000e+00
7.131111e-01 0.000000e+00
7.133333e-01 0.000000e+00
7.135556e-01 0.000000e+00
7.137778e-01 0.000000e+00
7.140000e-01 0.000000e+00
7.142222e-01 0.000000e+00
7.144444e-01 0.000000e+00
7.146667e-01 0.000000e+00
7.148889e-01 0.000000e+00
7.151111e-01 0.000000e+00
7.153333e-01 0.000000e+00
7.155556e-01 0.000000e+00
7.157778e-01 0.000000e+00
7.160000e-01 0.000000e+00
7.162222e-01 0.000000e+00
7.164444e-01 0.000000e+00
7.166667e-01 0.000000e+00
7.168889e-01 0.000000e+00
7.171111e-01 0.000000e+00
7.173333e-01 0.000000e+00
7.175556e-01 0.000000e+00
7.177778e-01 0.000000e+00
7.180000e-01 0.000000e+00
7.182222e-01 0.000000e+00
7.184444e-01 0.000000e+00
7.186667e-01 0.000000e+00
7.188889e-01 0.000000e+00
7.191111e-01 0.000000e+00
7.193333e-01 0.000000e+00
7.195556e-01 0.000000e+00
7.197778e-01 0.000000e+00
7.200000e-01 0.000000e+00
7.202222e-01 0.000000e+00
7.204444e-01 0.000000e+00
7.206667e-01 0.000000e+00
7.208889e-01 0.000000e+00
7.211111e-01 0.000000e+00
7.213333e-01 0.000000e+00
7.215556e-01 0.000000e+00
7.217778e-01 0.000000e+00
7.220000e-01 0.000000e+00
7.222222e-01 0.000000e+00
7.224444e-01 0.000000e+00
7.226667e-01 0.000000e+00
7.228889e-01 0.000000e+00
7.231111e-01 0.000000e+00
7.233333e-01 0.000000e+00
7.235556e-01 0.000000e+00
7.237778e-01 0.000000e+00
7.240000e-01 0.000000e+00
7.242222e-01 0.000000e+00
7.244444e-01 0.000000e+00
7.246667e-01 0.000000e+00
7.248889e-01 0.000000e+00
7.251111e-01 0.000000e+00
7.253333e-01 0.000000e+00
7.255556e-01 0.000000e+00
7.257778e-01 0.000000e+00
7.260000e-01 0.000000e+00
7.262222e-01 0.000000e+00
7.264444e-01 0.000000e+00
7.266667e-01 0.000000e+00
7.268889e-01 0.000000e+00
7.271111e-01 0.000000e+00
7.273333e-01 0.000000e+00
7.275556e-01 0.000000e+00
7.277778e-01 0.000000e+00
7.280000e-01 0.000000e+00
7.282222e-01 0.000000e+00
7.284444e-01 0.000000e+00
7.286667e-01 0.000000e+00
7.288889e-01 0.000000e+00
7.291111e-01 0.000000e+00
7.293333e-01 0.000000e+00
7.295556e-01 0.000000e+00
7.297778e-01 0.000000e+00
7.300000e-01 0.000000e+00
7.302222e-01 0.000000e+00
7.304444e-01 0.000000e+00
7.306667e-01 0.000000e+00
7.308889e-01 0.000000e+00
7.311111e-01 0.000000e+00
7.313333e-01 0.000000e+00
7.315556e-01 0.000000e+00
7.317778e-01 0.000000e+00
7.320000e-01 0.000000e+00
7.322222e-01 0.000000e+00
7.324444e-01 0.000000e+00
7.326667e-01 0.000000e+00
7.328889e-01 0.000000e+00
7.331111e-01 0.000000e+00
7.333333e-01 0.000000e+00
7.335556e-01 0.000000e+00
7.337778e-01 0.000000e+00
7.340000e-01 0.000000e+00
7.342222e-01 0.000000e+00
7.344444e-01 0.000000e+00
7.346667e-01 0.000000e+00
7.348889e-01 0.000000e+00
7.351111e-01 0.000000e+00
7.353333e-01 0.000000e+00
7.355556e-01 0.000000e+00
7.357778e-01 0.000000e+00
7.360000e-01 0.000000e+00
7.362222e-01 0.000000e+00
7.364444e-01 0.000000e+00
7.366667e-01 0.000000e+00
7.368889e-01 0.000000e+00
7.371111e-01 0.000000e+00
7.373333e-01 0.000000e+00
7.375556e-01 0.000000e+00
7.377778e-01 0.000000e+00
7.380000e-01 0.000000e+00
7.382222e-01 0.000000e+00
7.384444e-01 0.000000e+00
7.386667e-01 0.000000e+00
7.388889e-01 0.000000e+00
7.391111e-01 0.000000e+00
7.393333e-01 0.000000e+00
7.395556e-01 0.000000e+00
7.397778e-01 0.000000e+00
7.400000e-01 0.000000e+00
7.402222e-01 0.000000e+00
7.404444e-01 0.000000e+00
7.406667e-01 0.000000e+00
7.408889e-01 0.000000e+00
7.411111e-01 0.000000e+00
7.413333e-01 0.000000e+00
7.415556e-01 0.000000e+00
7.417778e-01 0.000000e+00
7.420000e-01 0.000000e+00
7.422222e-01 0.000000e+00
7.424444e-01 0.000000e+00
7.426667e-01 0.000000e+00
7.428889e-01 0.000000e+00
7.431111e-01 0.000000e+00
7.433333e-01 0.000000e+00
7.435556e-01 0.000000e+00
7.437778e-01 0.000000e+00
7.440000e-01 0.000000e+00
7.442222e-01 0.000000e+00
7.444444e-01 0.000000e+00
7.446667e-01 0.000000e+00
7.448889e-01 0.000000e+00
7.451111e-01 0.000000e+00
7.453333e-01 0.000000e+00
7.455556e-01 0.000000e+00
7.457778e-01 0.000000e+00
7.460000e-01 0.000000e+00
7.462222e-01 0.000000e+00
7.464444e-01 0.000000e+00
7.466667e-01 0.000000e+00
7.468889e-01 0.000000e+00
7.471111e-01 0.000000e+00
7.473333e-01 0.000000e+00
7.475556e-01 0.000000e+00
7.477778e-01 0.000000e+00
7.480000e-01 0.000000e+00
7.482222e-01 0.000000e+00
7.484444e-01 0.000000e+00
7.486667e-01 0.000000e+00
7.488889e-01 0.000000e+00
7.491111e-01 0.000000e+00
7.493333e-01 0.000000e+00
7.495556e-01 0.000000e+00
7.497778e-01 0.000000e+00
7.500000e-01 0.000000e+00
7.502222e-01 5.744444e-01
7.504444e-01 7.544444e-01
7.506667e-01 8.100000e-01
7.508889e-01 8.388889e-01
7.511111e-01 8.577778e-01
7.513333e-01 8.711111e-01
7.515556e-01 8.822222e-01
7.517778e-01 8.900000e-01
7.520000e-01 8.966667e-01
7.522222e-01 9.022222e-01
7.524444e-01 9.066667e-01
7.526667e-01 9.111111e-01
7.528889e-01 9.144444e-01
7.531111e-01 9.177778e-01
7.533333e-01 9.200000e-01
7.535556e-01 9.233333e-01
7.537778e-01 9.255556e-01
7.540000e-01 9.277778e-01
7.542222e-01 9.288889e-01
7.544444e-01 9.311111e-01
7.546667e-01 9.333333e-01
7.548889e-01 9.344444e-01
7.551111e-01 9.355556e-01
7.553333e-01 9.366667e-01
7.555556e-01 9.388889e-01
7.557778e-01 9.400000e-01
7.560000e-01 9.411111e-01
7.562222e-01 9.422222e-01
7.564444e-01 9.433333e-01
7.566667e-01 9.433333e-01
7.568889e-01 9.444444e-01
7.571111e-01 9.455556e-01
7.573333e-01 9.466667e-01
7.575556e-01 9.466667e-01
7.577778e-01 9.477778e-01
7.580000e-01 9.488889e-01
7.582222e-01 9.488889e-01
7.584444e-01 9.500000e-01
7.586667e-01 9.500000e-01
7.588889e-01 9.511111e-01
7.591111e-01 9.522222e-01
7.593333e-01 9.522222e-01
7.595556e-01 9.533333e-01
7.597778e-01 9.533333e-01
7.600000e-01 9.533333e-01
7.602222e-01 9.544444e-01
