3.333333e-04 0.000000e+00
6.666667e-04 0.000000e+00
1.000000e-03 0.000000e+00
1.333333e-03 0.000000e+00
1.666667e-03 0.000000e+00
2.000000e-03 0.000000e+00
2.333333e-03 0.000000e+00
2.666667e-03 0.000000e+00
3.000000e-03 0.000000e+00
3.333333e-03 0.000000e+00
3.666667e-03 0.000000e+00
4.000000e-03 0.000000e+00
4.333333e-03 0.000000e+00
4.666667e-03 0.000000e+00
5.000000e-03 0.000000e+00
5.333333e-03 0.000000e+00
5.666667e-03 0.000000e+00
6.000000e-03 0.000000e+00
6.333333e-03 0.000000e+00
6.666667e-03 0.000000e+00
7.000000e-03 0.000000e+00
7.333333e-03 0.000000e+00
7.666667e-03 0.000000e+00
8.000000e-03 0.000000e+00
8.333333e-03 0.000000e+00
8.666667e-03 0.000000e+00
9.000000e-03 0.000000e+00
9.333333e-03 0.000000e+00
9.666667e-03 0.000000e+00
1.000000e-02 0.000000e+00
1.033333e-02 0.000000e+00
1.066667e-02 0.000000e+00
1.100000e-02 0.000000e+00
1.133333e-02 0.000000e+00
1.166667e-02 0.000000e+00
1.200000e-02 0.000000e+00
1.233333e-02 0.000000e+00
1.266667e-02 0.000000e+00
1.300000e-02 0.000000e+00
1.333333e-02 0.000000e+00
1.366667e-02 0.000000e+00
1.400000e-02 0.000000e+00
1.433333e-02 0.000000e+00
1.466667e-02 0.000000e+00
1.500000e-02 0.000000e+00
1.533333e-02 0.000000e+00
1.566667e-02 0.000000e+00
1.600000e-02 0.000000e+00
1.633333e-02 0.000000e+00
1.666667e-02 0.000000e+00
1.700000e-02 0.000000e+00
1.733333e-02 0.000000e+00
1.766667e-02 0.000000e+00
1.800000e-02 0.000000e+00
1.833333e-02 0.000000e+00
1.866667e-02 0.000000e+00
1.900000e-02 0.000000e+00
1.933333e-02 0.000000e+00
1.966667e-02 0.000000e+00
2.000000e-02 0.000000e+00
2.033333e-02 0.000000e+00
2.066667e-02 0.000000e+00
2.100000e-02 0.000000e+00
2.133333e-02 0.000000e+00
2.166667e-02 0.000000e+00
2.200000e-02 0.000000e+00
2.233333e-02 0.000000e+00
2.266667e-02 0.000000e+00
2.300000e-02 0.000000e+00
2.333333e-02 0.000000e+00
2.366667e-02 0.000000e+00
2.400000e-02 0.000000e+00
2.433333e-02 0.000000e+00
2.466667e-02 0.000000e+00
2.500000e-02 0.000000e+00
2.533333e-02 0.000000e+00
2.566667e-02 0.000000e+00
2.600000e-02 0.000000e+00
2.633333e-02 0.000000e+00
2.666667e-02 0.000000e+00
2.700000e-02 0.000000e+00
2.733333e-02 0.000000e+00
2.766667e-02 0.000000e+00
2.800000e-02 0.000000e+00
2.833333e-02 0.000000e+00
2.866667e-02 0.000000e+00
2.900000e-02 0.000000e+00
2.933333e-02 0.000000e+00
2.966667e-02 0.000000e+00
3.000000e-02 0.000000e+00
3.033333e-02 0.000000e+00
3.066667e-02 0.000000e+00
3.100000e-02 0.000000e+00
3.133333e-02 0.000000e+00
3.166667e-02 0.000000e+00
3.200000e-02 0.000000e+00
3.233333e-02 0.000000e+00
3.266667e-02 0.000000e+00
3.300000e-02 0.000000e+00
3.333333e-02 0.000000e+00
3.366667e-02 0.000000e+00
3.400000e-02 0.000000e+00
3.433333e-02 0.000000e+00
3.466667e-02 0.000000e+00
3.500000e-02 0.000000e+00
3.533333e-02 0.000000e+00
3.566667e-02 0.000000e+00
3.600000e-02 0.000000e+00
3.633333e-02 0.000000e+00
3.666667e-02 0.000000e+00
3.700000e-02 0.000000e+00
3.733333e-02 0.000000e+00
3.766667e-02 0.000000e+00
3.800000e-02 0.000000e+00
3.833333e-02 0.000000e+00
3.866667e-02 0.000000e+00
3.900000e-02 0.000000e+00
3.933333e-02 0.000000e+00
3.966667e-02 0.000000e+00
4.000000e-02 0.000000e+00
4.033333e-02 0.000000e+00
4.066667e-02 0.000000e+00
4.100000e-02 0.000000e+00
4.133333e-02 0.000000e+00
4.166667e-02 0.000000e+00
4.200000e-02 0.000000e+00
4.233333e-02 0.000000e+00
4.266667e-02 0.000000e+00
4.300000e-02 0.000000e+00
4.333333e-02 0.000000e+00
4.366667e-02 0.000000e+00
4.400000e-02 0.000000e+00
4.433333e-02 0.000000e+00
4.466667e-02 0.000000e+00
4.500000e-02 0.000000e+00
4.533333e-02 0.000000e+00
4.566667e-02 0.000000e+00
4.600000e-02 0.000000e+00
4.633333e-02 0.000000e+00
4.666667e-02 0.000000e+00
4.700000e-02 0.000000e+00
4.733333e-02 0.000000e+00
4.766667e-02 0.000000e+00
4.800000e-02 0.000000e+00
4.833333e-02 0.000000e+00
4.866667e-02 0.000000e+00
4.900000e-02 0.000000e+00
4.933333e-02 0.000000e+00
4.966667e-02 0.000000e+00
5.000000e-02 0.000000e+00
5.033333e-02 0.000000e+00
5.066667e-02 0.000000e+00
5.100000e-02 0.000000e+00
5.133333e-02 0.000000e+00
5.166667e-02 0.000000e+00
5.200000e-02 0.000000e+00
5.233333e-02 0.000000e+00
5.266667e-02 0.000000e+00
5.300000e-02 0.000000e+00
5.333333e-02 0.000000e+00
5.366667e-02 0.000000e+00
5.400000e-02 0.000000e+00
5.433333e-02 0.000000e+00
5.466667e-02 0.000000e+00
5.500000e-02 0.000000e+00
5.533333e-02 0.000000e+00
5.566667e-02 0.000000e+00
5.600000e-02 0.000000e+00
5.633333e-02 0.000000e+00
5.666667e-02 0.000000e+00
5.700000e-02 0.000000e+00
5.733333e-02 0.000000e+00
5.766667e-02 0.000000e+00
5.800000e-02 0.000000e+00
5.833333e-02 0.000000e+00
5.866667e-02 0.000000e+00
5.900000e-02 0.000000e+00
5.933333e-02 0.000000e+00
5.966667e-02 0.000000e+00
6.000000e-02 0.000000e+00
6.033333e-02 0.000000e+00
6.066667e-02 0.000000e+00
6.100000e-02 0.000000e+00
6.133333e-02 0.000000e+00
6.166667e-02 0.000000e+00
6.200000e-02 0.000000e+00
6.233333e-02 0.000000e+00
6.266667e-02 0.000000e+00
6.300000e-02 0.000000e+00
6.333333e-02 0.000000e+00
6.366667e-02 0.000000e+00
6.400000e-02 0.000000e+00
6.433333e-02 0.000000e+00
6.466667e-02 0.000000e+00
6.500000e-02 0.000000e+00
6.533333e-02 0.000000e+00
6.566667e-02 0.000000e+00
6.600000e-02 0.000000e+00
6.633333e-02 0.000000e+00
6.666667e-02 0.000000e+00
6.700000e-02 0.000000e+00
6.733333e-02 0.000000e+00
6.766667e-02 0.000000e+00
6.800000e-02 0.000000e+00
6.833333e-02 0.000000e+00
6.866667e-02 0.000000e+00
6.900000e-02 0.000000e+00
6.933333e-02 0.000000e+00
6.966667e-02 0.000000e+00
7.000000e-02 0.000000e+00
7.033333e-02 0.000000e+00
7.066667e-02 0.000000e+00
7.100000e-02 0.000000e+00
7.133333e-02 0.000000e+00
7.166667e-02 0.000000e+00
7.200000e-02 0.000000e+00
7.233333e-02 0.000000e+00
7.266667e-02 0.000000e+00
7.300000e-02 0.000000e+00
7.333333e-02 0.000000e+00
7.366667e-02 0.000000e+00
7.400000e-02 0.000000e+00
7.433333e-02 0.000000e+00
7.466667e-02 0.000000e+00
7.500000e-02 0.000000e+00
7.533333e-02 0.000000e+00
7.566667e-02 0.000000e+00
7.600000e-02 0.000000e+00
7.633333e-02 0.000000e+00
7.666667e-02 0.000000e+00
7.700000e-02 0.000000e+00
7.733333e-02 0.000000e+00
7.766667e-02 0.000000e+00
7.800000e-02 0.000000e+00
7.833333e-02 0.000000e+00
7.866667e-02 0.000000e+00
7.900000e-02 0.000000e+00
7.933333e-02 0.000000e+00
7.966667e-02 0.000000e+00
8.000000e-02 0.000000e+00
8.033333e-02 0.000000e+00
8.066667e-02 0.000000e+00
8.100000e-02 0.000000e+00
8.133333e-02 0.000000e+00
8.166667e-02 0.000000e+00
8.200000e-02 0.000000e+00
8.233333e-02 0.000000e+00
8.266667e-02 0.000000e+00
8.300000e-02 0.000000e+00
8.333333e-02 0.000000e+00
8.366667e-02 0.000000e+00
8.400000e-02 0.000000e+00
8.433333e-02 0.000000e+00
8.466667e-02 0.000000e+00
8.500000e-02 0.000000e+00
8.533333e-02 0.000000e+00
8.566667e-02 0.000000e+00
8.600000e-02 0.000000e+00
8.633333e-02 0.000000e+00
8.666667e-02 0.000000e+00
8.700000e-02 0.000000e+00
8.733333e-02 0.000000e+00
8.766667e-02 0.000000e+00
8.800000e-02 0.000000e+00
8.833333e-02 0.000000e+00
8.866667e-02 0.000000e+00
8.900000e-02 0.000000e+00
8.933333e-02 0.000000e+00
8.966667e-02 0.000000e+00
9.000000e-02 0.000000e+00
9.033333e-02 0.000000e+00
9.066667e-02 0.000000e+00
9.100000e-02 0.000000e+00
9.133333e-02 0.000000e+00
9.166667e-02 0.000000e+00
9.200000e-02 0.000000e+00
9.233333e-02 0.000000e+00
9.266667e-02 0.000000e+00
9.300000e-02 0.000000e+00
9.333333e-02 0.000000e+00
9.366667e-02 0.000000e+00
9.400000e-02 0.000000e+00
9.433333e-02 0.000000e+00
9.466667e-02 0.000000e+00
9.500000e-02 0.000000e+00
9.533333e-02 0.000000e+00
9.566667e-02 0.000000e+00
9.600000e-02 0.000000e+00
9.633333e-02 0.000000e+00
9.666667e-02 0.000000e+00
9.700000e-02 0.000000e+00
9.733333e-02 0.000000e+00
9.766667e-02 0.000000e+00
9.800000e-02 0.000000e+00
9.833333e-02 0.000000e+00
9.866667e-02 0.000000e+00
9.900000e-02 0.000000e+00
9.933333e-02 0.000000e+00
9.966667e-02 0.000000e+00
1.000000e-01 0.000000e+00
1.003333e-01 0.000000e+00
1.006667e-01 0.000000e+00
1.010000e-01 0.000000e+00
1.013333e-01 0.000000e+00
1.016667e-01 0.000000e+00
1.020000e-01 0.000000e+00
1.023333e-01 0.000000e+00
1.026667e-01 0.000000e+00
1.030000e-01 0.000000e+00
1.033333e-01 0.000000e+00
1.036667e-01 0.000000e+00
1.040000e-01 0.000000e+00
1.043333e-01 0.000000e+00
1.046667e-01 0.000000e+00
1.050000e-01 0.000000e+00
1.053333e-01 0.000000e+00
1.056667e-01 0.000000e+00
1.060000e-01 0.000000e+00
1.063333e-01 0.000000e+00
1.066667e-01 0.000000e+00
1.070000e-01 0.000000e+00
1.073333e-01 0.000000e+00
1.076667e-01 0.000000e+00
1.080000e-01 0.000000e+00
1.083333e-01 0.000000e+00
1.086667e-01 0.000000e+00
1.090000e-01 0.000000e+00
1.093333e-01 0.000000e+00
1.096667e-01 0.000000e+00
1.100000e-01 0.000000e+00
1.103333e-01 0.000000e+00
1.106667e-01 0.000000e+00
1.110000e-01 0.000000e+00
1.113333e-01 0.000000e+00
1.116667e-01 0.000000e+00
1.120000e-01 0.000000e+00
1.123333e-01 0.000000e+00
1.126667e-01 0.000000e+00
1.130000e-01 0.000000e+00
1.133333e-01 0.000000e+00
1.136667e-01 0.000000e+00
1.140000e-01 0.000000e+00
1.143333e-01 0.000000e+00
1.146667e-01 0.000000e+00
1.150000e-01 0.000000e+00
1.153333e-01 0.000000e+00
1.156667e-01 0.000000e+00
1.160000e-01 0.000000e+00
1.163333e-01 0.000000e+00
1.166667e-01 0.000000e+00
1.170000e-01 0.000000e+00
1.173333e-01 0.000000e+00
1.176667e-01 0.000000e+00
1.180000e-01 0.000000e+00
1.183333e-01 0.000000e+00
1.186667e-01 0.000000e+00
1.190000e-01 0.000000e+00
1.193333e-01 0.000000e+00
1.196667e-01 0.000000e+00
1.200000e-01 0.000000e+00
1.203333e-01 0.000000e+00
1.206667e-01 0.000000e+00
1.210000e-01 0.000000e+00
1.213333e-01 0.000000e+00
1.216667e-01 0.000000e+00
1.220000e-01 0.000000e+00
1.223333e-01 0.000000e+00
1.226667e-01 0.000000e+00
1.230000e-01 0.000000e+00
1.233333e-01 0.000000e+00
1.236667e-01 0.000000e+00
1.240000e-01 0.000000e+00
1.243333e-01 0.000000e+00
1.246667e-01 0.000000e+00
1.250000e-01 0.000000e+00
1.253333e-01 0.000000e+00
1.256667e-01 0.000000e+00
1.260000e-01 0.000000e+00
1.263333e-01 0.000000e+00
1.266667e-01 0.000000e+00
1.270000e-01 0.000000e+00
1.273333e-01 0.000000e+00
1.276667e-01 0.000000e+00
1.280000e-01 0.000000e+00
1.283333e-01 0.000000e+00
1.286667e-01 0.000000e+00
1.290000e-01 0.000000e+00
1.293333e-01 0.000000e+00
1.296667e-01 0.000000e+00
1.300000e-01 0.000000e+00
1.303333e-01 0.000000e+00
1.306667e-01 0.000000e+00
1.310000e-01 0.000000e+00
1.313333e-01 0.000000e+00
1.316667e-01 0.000000e+00
1.320000e-01 0.000000e+00
1.323333e-01 0.000000e+00
1.326667e-01 0.000000e+00
1.330000e-01 0.000000e+00
1.333333e-01 0.000000e+00
1.336667e-01 0.000000e+00
1.340000e-01 0.000000e+00
1.343333e-01 0.000000e+00
1.346667e-01 0.000000e+00
1.350000e-01 0.000000e+00
1.353333e-01 0.000000e+00
1.356667e-01 0.000000e+00
1.360000e-01 0.000000e+00
1.363333e-01 0.000000e+00
1.366667e-01 0.000000e+00
1.370000e-01 0.000000e+00
1.373333e-01 0.000000e+00
1.376667e-01 0.000000e+00
1.380000e-01 0.000000e+00
1.383333e-01 0.000000e+00
1.386667e-01 0.000000e+00
1.390000e-01 0.000000e+00
1.393333e-01 0.000000e+00
1.396667e-01 0.000000e+00
1.400000e-01 0.000000e+00
1.403333e-01 0.000000e+00
1.406667e-01 0.000000e+00
1.410000e-01 0.000000e+00
1.413333e-01 0.000000e+00
1.416667e-01 0.000000e+00
1.420000e-01 0.000000e+00
1.423333e-01 0.000000e+00
1.426667e-01 0.000000e+00
1.430000e-01 0.000000e+00
1.433333e-01 0.000000e+00
1.436667e-01 0.000000e+00
1.440000e-01 0.000000e+00
1.443333e-01 0.000000e+00
1.446667e-01 0.000000e+00
1.450000e-01 0.000000e+00
1.453333e-01 0.000000e+00
1.456667e-01 0.000000e+00
1.460000e-01 0.000000e+00
1.463333e-01 0.000000e+00
1.466667e-01 0.000000e+00
1.470000e-01 0.000000e+00
1.473333e-01 0.000000e+00
1.476667e-01 0.000000e+00
1.480000e-01 0.000000e+00
1.483333e-01 0.000000e+00
1.486667e-01 0.000000e+00
1.490000e-01 0.000000e+00
1.493333e-01 0.000000e+00
1.496667e-01 0.000000e+00
1.500000e-01 0.000000e+00
1.503333e-01 0.000000e+00
1.506667e-01 0.000000e+00
1.510000e-01 0.000000e+00
1.513333e-01 0.000000e+00
1.516667e-01 0.000000e+00
1.520000e-01 0.000000e+00
1.523333e-01 0.000000e+00
1.526667e-01 0.000000e+00
1.530000e-01 0.000000e+00
1.533333e-01 0.000000e+00
1.536667e-01 0.000000e+00
1.540000e-01 0.000000e+00
1.543333e-01 0.000000e+00
1.546667e-01 0.000000e+00
1.550000e-01 0.000000e+00
1.553333e-01 0.000000e+00
1.556667e-01 0.000000e+00
1.560000e-01 0.000000e+00
1.563333e-01 0.000000e+00
1.566667e-01 0.000000e+00
1.570000e-01 0.000000e+00
1.573333e-01 0.000000e+00
1.576667e-01 0.000000e+00
1.580000e-01 0.000000e+00
1.583333e-01 0.000000e+00
1.586667e-01 0.000000e+00
1.590000e-01 0.000000e+00
1.593333e-01 0.000000e+00
1.596667e-01 0.000000e+00
1.600000e-01 0.000000e+00
1.603333e-01 0.000000e+00
1.606667e-01 0.000000e+00
1.610000e-01 0.000000e+00
1.613333e-01 0.000000e+00
1.616667e-01 0.000000e+00
1.620000e-01 0.000000e+00
1.623333e-01 0.000000e+00
1.626667e-01 0.000000e+00
1.630000e-01 0.000000e+00
1.633333e-01 0.000000e+00
1.636667e-01 0.000000e+00
1.640000e-01 0.000000e+00
1.643333e-01 0.000000e+00
1.646667e-01 0.000000e+00
1.650000e-01 0.000000e+00
1.653333e-01 0.000000e+00
1.656667e-01 0.000000e+00
1.660000e-01 0.000000e+00
1.663333e-01 0.000000e+00
1.666667e-01 0.000000e+00
1.670000e-01 0.000000e+00
1.673333e-01 0.000000e+00
1.676667e-01 0.000000e+00
1.680000e-01 0.000000e+00
1.683333e-01 0.000000e+00
1.686667e-01 0.000000e+00
1.690000e-01 0.000000e+00
1.693333e-01 0.000000e+00
1.696667e-01 0.000000e+00
1.700000e-01 0.000000e+00
1.703333e-01 0.000000e+00
1.706667e-01 0.000000e+00
1.710000e-01 0.000000e+00
1.713333e-01 0.000000e+00
1.716667e-01 0.000000e+00
1.720000e-01 0.000000e+00
1.723333e-01 0.000000e+00
1.726667e-01 0.000000e+00
1.730000e-01 0.000000e+00
1.733333e-01 0.000000e+00
1.736667e-01 0.000000e+00
1.740000e-01 0.000000e+00
1.743333e-01 0.000000e+00
1.746667e-01 0.000000e+00
1.750000e-01 0.000000e+00
1.753333e-01 0.000000e+00
1.756667e-01 0.000000e+00
1.760000e-01 0.000000e+00
1.763333e-01 0.000000e+00
1.766667e-01 0.000000e+00
1.770000e-01 0.000000e+00
1.773333e-01 0.000000e+00
1.776667e-01 0.000000e+00
1.780000e-01 0.000000e+00
1.783333e-01 0.000000e+00
1.786667e-01 0.000000e+00
1.790000e-01 0.000000e+00
1.793333e-01 0.000000e+00
1.796667e-01 0.000000e+00
1.800000e-01 0.000000e+00
1.803333e-01 0.000000e+00
1.806667e-01 0.000000e+00
1.810000e-01 0.000000e+00
1.813333e-01 0.000000e+00
1.816667e-01 0.000000e+00
1.820000e-01 0.000000e+00
1.823333e-01 0.000000e+00
1.826667e-01 0.000000e+00
1.830000e-01 0.000000e+00
1.833333e-01 0.000000e+00
1.836667e-01 0.000000e+00
1.840000e-01 0.000000e+00
1.843333e-01 0.000000e+00
1.846667e-01 0.000000e+00
1.850000e-01 0.000000e+00
1.853333e-01 0.000000e+00
1.856667e-01 0.000000e+00
1.860000e-01 0.000000e+00
1.863333e-01 0.000000e+00
1.866667e-01 0.000000e+00
1.870000e-01 0.000000e+00
1.873333e-01 0.000000e+00
1.876667e-01 0.000000e+00
1.880000e-01 0.000000e+00
1.883333e-01 0.000000e+00
1.886667e-01 0.000000e+00
1.890000e-01 0.000000e+00
1.893333e-01 0.000000e+00
1.896667e-01 0.000000e+00
1.900000e-01 0.000000e+00
1.903333e-01 0.000000e+00
1.906667e-01 0.000000e+00
1.910000e-01 0.000000e+00
1.913333e-01 0.000000e+00
1.916667e-01 0.000000e+00
1.920000e-01 0.000000e+00
1.923333e-01 0.000000e+00
1.926667e-01 0.000000e+00
1.930000e-01 0.000000e+00
1.933333e-01 0.000000e+00
1.936667e-01 0.000000e+00
1.940000e-01 0.000000e+00
1.943333e-01 0.000000e+00
1.946667e-01 0.000000e+00
1.950000e-01 0.000000e+00
1.953333e-01 0.000000e+00
1.956667e-01 0.000000e+00
1.960000e-01 0.000000e+00
1.963333e-01 0.000000e+00
1.966667e-01 0.000000e+00
1.970000e-01 0.000000e+00
1.973333e-01 0.000000e+00
1.976667e-01 0.000000e+00
1.980000e-01 0.000000e+00
1.983333e-01 0.000000e+00
1.986667e-01 0.000000e+00
1.990000e-01 0.000000e+00
1.993333e-01 0.000000e+00
1.996667e-01 0.000000e+00
2.000000e-01 0.000000e+00
2.003333e-01 0.000000e+00
2.006667e-01 0.000000e+00
2.010000e-01 0.000000e+00
2.013333e-01 0.000000e+00
2.016667e-01 0.000000e+00
2.020000e-01 0.000000e+00
2.023333e-01 0.000000e+00
2.026667e-01 0.000000e+00
2.030000e-01 0.000000e+00
2.033333e-01 0.000000e+00
2.036667e-01 0.000000e+00
2.040000e-01 0.000000e+00
2.043333e-01 0.000000e+00
2.046667e-01 0.000000e+00
2.050000e-01 0.000000e+00
2.053333e-01 0.000000e+00
2.056667e-01 0.000000e+00
2.060000e-01 0.000000e+00
2.063333e-01 0.000000e+00
2.066667e-01 0.000000e+00
2.070000e-01 0.000000e+00
2.073333e-01 0.000000e+00
2.076667e-01 0.000000e+00
2.080000e-01 0.000000e+00
2.083333e-01 0.000000e+00
2.086667e-01 0.000000e+00
2.090000e-01 0.000000e+00
2.093333e-01 0.000000e+00
2.096667e-01 0.000000e+00
2.100000e-01 0.000000e+00
2.103333e-01 0.000000e+00
2.106667e-01 0.000000e+00
2.110000e-01 0.000000e+00
2.113333e-01 0.000000e+00
2.116667e-01 0.000000e+00
2.120000e-01 0.000000e+00
2.123333e-01 0.000000e+00
2.126667e-01 0.000000e+00
2.130000e-01 0.000000e+00
2.133333e-01 0.000000e+00
2.136667e-01 0.000000e+00
2.140000e-01 0.000000e+00
2.143333e-01 0.000000e+00
2.146667e-01 0.000000e+00
2.150000e-01 0.000000e+00
2.153333e-01 0.000000e+00
2.156667e-01 0.000000e+00
2.160000e-01 0.000000e+00
2.163333e-01 0.000000e+00
2.166667e-01 0.000000e+00
2.170000e-01 0.000000e+00
2.173333e-01 0.000000e+00
2.176667e-01 0.000000e+00
2.180000e-01 0.000000e+00
2.183333e-01 0.000000e+00
2.186667e-01 0.000000e+00
2.190000e-01 0.000000e+00
2.193333e-01 0.000000e+00
2.196667e-01 0.000000e+00
2.200000e-01 0.000000e+00
2.203333e-01 0.000000e+00
2.206667e-01 0.000000e+00
2.210000e-01 0.000000e+00
2.213333e-01 0.000000e+00
2.216667e-01 0.000000e+00
2.220000e-01 0.000000e+00
2.223333e-01 0.000000e+00
2.226667e-01 0.000000e+00
2.230000e-01 0.000000e+00
2.233333e-01 0.000000e+00
2.236667e-01 0.000000e+00
2.240000e-01 0.000000e+00
2.243333e-01 0.000000e+00
2.246667e-01 0.000000e+00
2.250000e-01 0.000000e+00
2.253333e-01 0.000000e+00
2.256667e-01 0.000000e+00
2.260000e-01 0.000000e+00
2.263333e-01 0.000000e+00
2.266667e-01 0.000000e+00
2.270000e-01 0.000000e+00
2.273333e-01 0.000000e+00
2.276667e-01 0.000000e+00
2.280000e-01 0.000000e+00
2.283333e-01 0.000000e+00
2.286667e-01 0.000000e+00
2.290000e-01 0.000000e+00
2.293333e-01 0.000000e+00
2.296667e-01 0.000000e+00
2.300000e-01 0.000000e+00
2.303333e-01 0.000000e+00
2.306667e-01 0.000000e+00
2.310000e-01 0.000000e+00
2.313333e-01 0.000000e+00
2.316667e-01 0.000000e+00
2.320000e-01 0.000000e+00
2.323333e-01 0.000000e+00
2.326667e-01 0.000000e+00
2.330000e-01 0.000000e+00
2.333333e-01 0.000000e+00
2.336667e-01 0.000000e+00
2.340000e-01 0.000000e+00
2.343333e-01 0.000000e+00
2.346667e-01 0.000000e+00
2.350000e-01 0.000000e+00
2.353333e-01 0.000000e+00
2.356667e-01 0.000000e+00
2.360000e-01 0.000000e+00
2.363333e-01 0.000000e+00
2.366667e-01 0.000000e+00
2.370000e-01 0.000000e+00
2.373333e-01 0.000000e+00
2.376667e-01 0.000000e+00
2.380000e-01 0.000000e+00
2.383333e-01 0.000000e+00
2.386667e-01 0.000000e+00
2.390000e-01 0.000000e+00
2.393333e-01 0.000000e+00
2.396667e-01 0.000000e+00
2.400000e-01 0.000000e+00
2.403333e-01 0.000000e+00
2.406667e-01 0.000000e+00
2.410000e-01 0.000000e+00
2.413333e-01 0.000000e+00
2.416667e-01 0.000000e+00
2.420000e-01 0.000000e+00
2.423333e-01 0.000000e+00
2.426667e-01 0.000000e+00
2.430000e-01 0.000000e+00
2.433333e-01 0.000000e+00
2.436667e-01 0.000000e+00
2.440000e-01 0.000000e+00
2.443333e-01 0.000000e+00
2.446667e-01 0.000000e+00
2.450000e-01 0.000000e+00
2.453333e-01 0.000000e+00
2.456667e-01 0.000000e+00
2.460000e-01 0.000000e+00
2.463333e-01 0.000000e+00
2.466667e-01 0.000000e+00
2.470000e-01 0.000000e+00
2.473333e-01 0.000000e+00
2.476667e-01 0.000000e+00
2.480000e-01 0.000000e+00
2.483333e-01 0.000000e+00
2.486667e-01 0.000000e+00
2.490000e-01 0.000000e+00
2.493333e-01 0.000000e+00
2.496667e-01 0.000000e+00
2.500000e-01 0.000000e+00
2.503333e-01 0.000000e+00
2.506667e-01 7.600000e-01
2.510000e-01 8.255556e-01
2.513333e-01 8.566667e-01
2.516667e-01 8.755556e-01
2.520000e-01 8.888889e-01
2.523333e-01 8.977778e-01
2.526667e-01 9.055556e-01
2.530000e-01 9.111111e-01
2.533333e-01 9.166667e-01
2.536667e-01 9.211111e-01
2.540000e-01 9.244444e-01
2.543333e-01 9.277778e-01
2.546667e-01 9.300000e-01
2.550000e-01 9.333333e-01
2.553333e-01 9.355556e-01
2.556667e-01 9.366667e-01
2.560000e-01 9.388889e-01
2.563333e-01 9.411111e-01
2.566667e-01 9.422222e-01
2.570000e-01 9.433333e-01
2.573333e-01 9.444444e-01
2.576667e-01 9.466667e-01
2.580000e-01 9.477778e-01
2.583333e-01 9.488889e-01
2.586667e-01 9.500000e-01
2.590000e-01 9.500000e-01
2.593333e-01 9.511111e-01
2.596667e-01 9.522222e-01
2.600000e-01 9.533333e-01
2.603333e-01 9.533333e-01
2.606667e-01 9.544444e-01
2.610000e-01 9.555556e-01
2.613333e-01 9.555556e-01
2.616667e-01 9.566667e-01
2.620000e-01 9.566667e-01
2.623333e-01 9.577778e-01
2.626667e-01 9.577778e-01
2.630000e-01 9.588889e-01
2.633333e-01 9.588889e-01
2.636667e-01 9.600000e-01
2.640000e-01 9.600000e-01
2.643333e-01 9.600000e-01
2.646667e-01 9.611111e-01
2.650000e-01 9.611111e-01
2.653333e-01 9.622222e-01
2.656667e-01 9.622222e-01
2.660000e-01 9.622222e-01
2.663333e-01 9.633333e-01
2.666667e-01 9.633333e-01
2.670000e-01 9.633333e-01
2.673333e-01 9.633333e-01
2.676667e-01 9.644444e-01
2.680000e-01 9.644444e-01
2.683333e-01 9.644444e-01
2.686667e-01 9.644444e-01
2.690000e-01 9.655556e-01
2.693333e-01 9.655556e-01
2.696667e-01 9.655556e-01
2.700000e-01 9.655556e-01
2.703333e-01 9.666667e-01
2.706667e-01 9.666667e-01
2.710000e-01 9.666667e-01
2.713333e-01 9.666667e-01
2.716667e-01 9.666667e-01
2.720000e-01 9.677778e-01
2.723333e-01 9.677778e-01
2.726667e-01 9.677778e-01
2.730000e-01 9.677778e-01
2.733333e-01 9.677778e-01
2.736667e-01 9.688889e-01
2.740000e-01 9.688889e-01
2.743333e-01 9.688889e-01
2.746667e-01 9.688889e-01
2.750000e-01 9.688889e-01
2.753333e-01 9.688889e-01
2.756667e-01 9.688889e-01
2.760000e-01 9.700000e-01
2.763333e-01 9.700000e-01
2.766667e-01 9.700000e-01
2.770000e-01 9.700000e-01
2.773333e-01 9.700000e-01
2.776667e-01 9.700000e-01
2.780000e-01 9.700000e-01
2.783333e-01 9.711111e-01
2.786667e-01 9.711111e-01
2.790000e-01 9.711111e-01
2.793333e-01 9.711111e-01
2.796667e-01 9.711111e-01
2.800000e-01 9.711111e-01
2.803333e-01 9.711111e-01
2.806667e-01 9.711111e-01
2.810000e-01 9.711111e-01
2.813333e-01 9.722222e-01
2.816667e-01 9.722222e-01
2.820000e-01 9.722222e-01
2.823333e-01 9.722222e-01
2.826667e-01 9.722222e-01
2.830000e-01 9.722222e-01
2.833333e-01 9.722222e-01
2.836667e-01 9.722222e-01
2.840000e-01 9.722222e-01
2.843333e-01 9.722222e-01
2.846667e-01 9.722222e-01
2.850000e-01 9.722222e-01
2.853333e-01 9.733333e-01
2.856667e-01 9.733333e-01
2.860000e-01 9.733333e-01
2.863333e-01 9.733333e-01
2.866667e-01 9.733333e-01
2.870000e-01 9.733333e-01
2.873333e-01 9.733333e-01
2.876667e-01 9.733333e-01
2.880000e-01 9.733333e-01
2.883333e-01 9.733333e-01
2.886667e-01 9.733333e-01
2.890000e-01 9.733333e-01
2.893333e-01 9.733333e-01
2.896667e-01 9.733333e-01
2.900000e-01 9.733333e-01
2.903333e-01 9.733333e-01
2.906667e-01 9.744444e-01
2.910000e-01 9.744444e-01
2.913333e-01 9.744444e-01
2.916667e-01 9.744444e-01
2.920000e-01 9.744444e-01
2.923333e-01 9.744444e-01
2.926667e-01 9.744444e-01
2.930000e-01 9.744444e-01
2.933333e-01 9.744444e-01
2.936667e-01 9.744444e-01
2.940000e-01 9.744444e-01
2.943333e-01 9.744444e-01
2.946667e-01 9.744444e-01
2.950000e-01 9.744444e-01
2.953333e-01 9.744444e-01
2.956667e-01 9.744444e-01
2.960000e-01 9.744444e-01
2.963333e-01 9.744444e-01
2.966667e-01 9.744444e-01
2.970000e-01 9.744444e-01
2.973333e-01 9.744444e-01
2.976667e-01 9.744444e-01
2.980000e-01 9.744444e-01
2.983333e-01 9.744444e-01
2.986667e-01 9.744444e-01
2.990000e-01 9.755556e-01
2.993333e-01 9.755556e-01
2.996667e-01 9.755556e-01
3.000000e-01 9.755556e-01
3.003333e-01 9.755556e-01
3.006667e-01 9.755556e-01
3.010000e-01 9.755556e-01
3.013333e-01 9.755556e-01
3.016667e-01 9.755556e-01
3.020000e-01 9.755556e-01
3.023333e-01 9.755556e-01
3.026667e-01 9.755556e-01
3.030000e-01 9.755556e-01
3.033333e-01 9.755556e-01
3.036667e-01 9.755556e-01
3.040000e-01 9.755556e-01
3.043333e-01 9.755556e-01
3.046667e-01 9.755556e-01
3.050000e-01 9.755556e-01
3.053333e-01 9.755556e-01
3.056667e-01 9.755556e-01
3.060000e-01 9.755556e-01
3.063333e-01 9.755556e-01
3.066667e-01 9.755556e-01
3.070000e-01 9.755556e-01
3.073333e-01 9.755556e-01
3.076667e-01 9.755556e-01
3.080000e-01 9.755556e-01
3.083333e-01 9.755556e-01
3.086667e-01 9.755556e-01
3.090000e-01 9.755556e-01
3.093333e-01 9.755556e-01
3.096667e-01 9.755556e-01
3.100000e-01 9.755556e-01
3.103333e-01 9.755556e-01
3.106667e-01 9.755556e-01
3.110000e-01 9.755556e-01
3.113333e-01 9.755556e-01
3.116667e-01 9.755556e-01
3.120000e-01 9.755556e-01
3.123333e-01 9.755556e-01
3.126667e-01 9.755556e-01
3.130000e-01 9.755556e-01
3.133333e-01 9.755556e-01
3.136667e-01 9.755556e-01
3.140000e-01 9.755556e-01
3.143333e-01 9.755556e-01
3.146667e-01 9.755556e-01
3.150000e-01 9.755556e-01
3.153333e-01 9.755556e-01
3.156667e-01 9.755556e-01
3.160000e-01 9.755556e-01
3.163333e-01 9.755556e-01
3.166667e-01 9.755556e-01
3.170000e-01 9.755556e-01
3.173333e-01 9.755556e-01
3.176667e-01 9.755556e-01
3.180000e-01 9.755556e-01
3.183333e-01 9.755556e-01
3.186667e-01 9.755556e-01
3.190000e-01 9.755556e-01
3.193333e-01 9.755556e-01
3.196667e-01 9.755556e-01
3.200000e-01 9.755556e-01
3.203333e-01 9.755556e-01
3.206667e-01 9.755556e-01
3.210000e-01 9.755556e-01
3.213333e-01 9.755556e-01
3.216667e-01 9.755556e-01
3.220000e-01 9.755556e-01
3.223333e-01 9.755556e-01
3.226667e-01 9.755556e-01
3.230000e-01 9.755556e-01
3.233333e-01 9.755556e-01
3.236667e-01 9.755556e-01
3.240000e-01 9.755556e-01
3.243333e-01 9.755556e-01
3.246667e-01 9.755556e-01
3.250000e-01 9.755556e-01
3.253333e-01 9.755556e-01
3.256667e-01 9.755556e-01
3.260000e-01 9.755556e-01
3.263333e-01 9.755556e-01
3.266667e-01 9.755556e-01
3.270000e-01 9.755556e-01
3.273333e-01 9.755556e-01
3.276667e-01 9.755556e-01
3.280000e-01 9.755556e-01
3.283333e-01 9.755556e-01
3.286667e-01 9.755556e-01
3.290000e-01 9.755556e-01
3.293333e-01 9.755556e-01
3.296667e-01 9.755556e-01
3.300000e-01 9.755556e-01
3.303333e-01 9.755556e-01
3.306667e-01 9.755556e-01
3.310000e-01 9.755556e-01
3.313333e-01 9.755556e-01
3.316667e-01 9.755556e-01
3.320000e-01 9.755556e-01
3.323333e-01 9.755556e-01
3.326667e-01 9.755556e-01
3.330000e-01 9.755556e-01
3.333333e-01 9.755556e-01
3.336667e-01 9.755556e-01
3.340000e-01 9.755556e-01
3.343333e-01 9.755556e-01
3.346667e-01 9.755556e-01
3.350000e-01 9.755556e-01
3.353333e-01 9.755556e-01
3.356667e-01 9.755556e-01
3.360000e-01 9.755556e-01
3.363333e-01 9.755556e-01
3.366667e-01 9.755556e-01
3.370000e-01 9.755556e-01
3.373333e-01 9.755556e-01
3.376667e-01 9.755556e-01
3.380000e-01 9.744444e-01
3.383333e-01 9.744444e-01
3.386667e-01 9.744444e-01
3.390000e-01 9.744444e-01
3.393333e-01 9.744444e-01
3.396667e-01 9.744444e-01
3.400000e-01 9.744444e-01
3.403333e-01 9.744444e-01
3.406667e-01 9.744444e-01
3.410000e-01 9.744444e-01
3.413333e-01 9.744444e-01
3.416667e-01 9.744444e-01
3.420000e-01 9.744444e-01
3.423333e-01 9.744444e-01
3.426667e-01 9.744444e-01
3.430000e-01 9.744444e-01
3.433333e-01 9.744444e-01
3.436667e-01 9.744444e-01
3.440000e-01 9.744444e-01
3.443333e-01 9.744444e-01
3.446667e-01 9.744444e-01
3.450000e-01 9.744444e-01
3.453333e-01 9.744444e-01
3.456667e-01 9.744444e-01
3.460000e-01 9.744444e-01
3.463333e-01 9.744444e-01
3.466667e-01 9.744444e-01
3.470000e-01 9.744444e-01
3.473333e-01 9.744444e-01
3.476667e-01 9.744444e-01
3.480000e-01 9.744444e-01
3.483333e-01 9.744444e-01
3.486667e-01 9.744444e-01
3.490000e-01 9.744444e-01
3.493333e-01 9.733333e-01
3.496667e-01 9.733333e-01
3.500000e-01 9.733333e-01
3.503333e-01 9.733333e-01
3.506667e-01 9.733333e-01
3.510000e-01 9.733333e-01
3.513333e-01 9.733333e-01
3.516667e-01 9.733333e-01
3.520000e-01 9.733333e-01
3.523333e-01 9.733333e-01
3.526667e-01 9.733333e-01
3.530000e-01 9.733333e-01
3.533333e-01 9.733333e-01
3.536667e-01 9.733333e-01
3.540000e-01 9.733333e-01
3.543333e-01 9.733333e-01
3.546667e-01 9.733333e-01
3.550000e-01 9.733333e-01
3.553333e-01 9.733333e-01
3.556667e-01 9.733333e-01
3.560000e-01 9.733333e-01
3.563333e-01 9.733333e-01
3.566667e-01 9.733333e-01
3.570000e-01 9.733333e-01
3.573333e-01 9.733333e-01
3.576667e-01 9.733333e-01
3.580000e-01 9.733333e-01
3.583333e-01 9.722222e-01
3.586667e-01 9.722222e-01
3.590000e-01 9.722222e-01
3.593333e-01 9.722222e-01
3.596667e-01 9.722222e-01
3.600000e-01 9.722222e-01
3.603333e-01 9.722222e-01
3.606667e-01 9.722222e-01
3.610000e-01 9.722222e-01
3.613333e-01 9.722222e-01
3.616667e-01 9.722222e-01
3.620000e-01 9.722222e-01
3.623333e-01 9.722222e-01
3.626667e-01 9.722222e-01
3.630000e-01 9.722222e-01
3.633333e-01 9.722222e-01
3.636667e-01 9.722222e-01
3.640000e-01 9.722222e-01
3.643333e-01 9.722222e-01
3.646667e-01 9.722222e-01
3.650000e-01 9.722222e-01
3.653333e-01 9.722222e-01
3.656667e-01 9.722222e-01
3.660000e-01 9.711111e-01
3.663333e-01 9.711111e-01
3.666667e-01 9.711111e-01
3.670000e-01 9.711111e-01
3.673333e-01 9.711111e-01
3.676667e-01 9.711111e-01
3.680000e-01 9.711111e-01
3.683333e-01 9.711111e-01
3.686667e-01 9.711111e-01
3.690000e-01 9.711111e-01
3.693333e-01 9.711111e-01
3.696667e-01 9.711111e-01
3.700000e-01 9.711111e-01
3.703333e-01 9.711111e-01
3.706667e-01 9.711111e-01
3.710000e-01 9.711111e-01
3.713333e-01 9.711111e-01
3.716667e-01 9.711111e-01
3.720000e-01 9.711111e-01
3.723333e-01 9.711111e-01
3.726667e-01 9.711111e-01
3.730000e-01 9.700000e-01
3.733333e-01 9.700000e-01
3.736667e-01 9.700000e-01
3.740000e-01 9.700000e-01
3.743333e-01 9.700000e-01
3.746667e-01 9.700000e-01
3.750000e-01 9.700000e-01
3.753333e-01 9.700000e-01
3.756667e-01 9.700000e-01
3.760000e-01 9.700000e-01
3.763333e-01 9.700000e-01
3.766667e-01 9.700000e-01
3.770000e-01 9.700000e-01
3.773333e-01 9.700000e-01
3.776667e-01 9.700000e-01
3.780000e-01 9.700000e-01
3.783333e-01 9.700000e-01
3.786667e-01 9.700000e-01
3.790000e-01 9.688889e-01
3.793333e-01 9.688889e-01
3.796667e-01 9.688889e-01
3.800000e-01 9.688889e-01
3.803333e-01 9.688889e-01
3.806667e-01 9.688889e-01
3.810000e-01 9.688889e-01
3.813333e-01 9.688889e-01
3.816667e-01 9.688889e-01
3.820000e-01 9.688889e-01
3.823333e-01 9.688889e-01
3.826667e-01 9.688889e-01
3.830000e-01 9.688889e-01
3.833333e-01 9.688889e-01
3.836667e-01 9.688889e-01
3.840000e-01 9.688889e-01
3.843333e-01 9.688889e-01
3.846667e-01 9.677778e-01
3.850000e-01 9.677778e-01
3.853333e-01 9.677778e-01
3.856667e-01 9.677778e-01
3.860000e-01 9.677778e-01
3.863333e-01 9.677778e-01
3.866667e-01 9.677778e-01
3.870000e-01 9.677778e-01
3.873333e-01 9.677778e-01
3.876667e-01 9.677778e-01
3.880000e-01 9.677778e-01
3.883333e-01 9.677778e-01
3.886667e-01 9.677778e-01
3.890000e-01 9.677778e-01
3.893333e-01 9.677778e-01
3.896667e-01 9.677778e-01
3.900000e-01 9.666667e-01
3.903333e-01 9.666667e-01
3.906667e-01 9.666667e-01
3.910000e-01 9.666667e-01
3.913333e-01 9.666667e-01
3.916667e-01 9.666667e-01
3.920000e-01 9.666667e-01
3.923333e-01 9.666667e-01
3.926667e-01 9.666667e-01
3.930000e-01 9.666667e-01
3.933333e-01 9.666667e-01
3.936667e-01 9.666667e-01
3.940000e-01 9.666667e-01
3.943333e-01 9.666667e-01
3.946667e-01 9.666667e-01
3.950000e-01 9.655556e-01
3.953333e-01 9.655556e-01
3.956667e-01 9.655556e-01
3.960000e-01 9.655556e-01
3.963333e-01 9.655556e-01
3.966667e-01 9.655556e-01
3.970000e-01 9.655556e-01
3.973333e-01 9.655556e-01
3.976667e-01 9.655556e-01
3.980000e-01 9.655556e-01
3.983333e-01 9.655556e-01
3.986667e-01 9.655556e-01
3.990000e-01 9.655556e-01
3.993333e-01 9.655556e-01
3.996667e-01 9.644444e-01
4.000000e-01 9.644444e-01
4.003333e-01 9.644444e-01
4.006667e-01 9.644444e-01
4.010000e-01 9.644444e-01
4.013333e-01 9.644444e-01
4.016667e-01 9.644444e-01
4.020000e-01 9.644444e-01
4.023333e-01 9.644444e-01
4.026667e-01 9.644444e-01
4.030000e-01 9.644444e-01
4.033333e-01 9.644444e-01
4.036667e-01 9.644444e-01
4.040000e-01 9.633333e-01
4.043333e-01 9.633333e-01
4.046667e-01 9.633333e-01
4.050000e-01 9.633333e-01
4.053333e-01 9.633333e-01
4.056667e-01 9.633333e-01
4.060000e-01 9.633333e-01
4.063333e-01 9.633333e-01
4.066667e-01 9.633333e-01
4.070000e-01 9.633333e-01
4.073333e-01 9.633333e-01
4.076667e-01 9.633333e-01
4.080000e-01 9.622222e-01
4.083333e-01 9.622222e-01
4.086667e-01 9.622222e-01
4.090000e-01 9.622222e-01
4.093333e-01 9.622222e-01
4.096667e-01 9.622222e-01
4.100000e-01 9.622222e-01
4.103333e-01 9.622222e-01
4.106667e-01 9.622222e-01
4.110000e-01 9.622222e-01
4.113333e-01 9.622222e-01
4.116667e-01 9.622222e-01
4.120000e-01 9.611111e-01
4.123333e-01 9.611111e-01
4.126667e-01 9.611111e-01
4.130000e-01 9.611111e-01
4.133333e-01 9.611111e-01
4.136667e-01 9.611111e-01
4.140000e-01 9.611111e-01
4.143333e-01 9.611111e-01
4.146667e-01 9.611111e-01
4.150000e-01 9.611111e-01
4.153333e-01 9.611111e-01
4.156667e-01 9.600000e-01
4.160000e-01 9.600000e-01
4.163333e-01 9.600000e-01
4.166667e-01 9.600000e-01
4.170000e-01 9.600000e-01
4.173333e-01 9.600000e-01
4.176667e-01 9.600000e-01
4.180000e-01 9.600000e-01
4.183333e-01 9.600000e-01
4.186667e-01 9.600000e-01
4.190000e-01 9.588889e-01
4.193333e-01 9.588889e-01
4.196667e-01 9.588889e-01
4.200000e-01 9.588889e-01
4.203333e-01 9.588889e-01
4.206667e-01 9.588889e-01
4.210000e-01 9.588889e-01
4.213333e-01 9.588889e-01
4.216667e-01 9.588889e-01
4.220000e-01 9.588889e-01
4.223333e-01 9.577778e-01
4.226667e-01 9.577778e-01
4.230000e-01 9.577778e-01
4.233333e-01 9.577778e-01
4.236667e-01 9.577778e-01
4.240000e-01 9.577778e-01
4.243333e-01 9.577778e-01
4.246667e-01 9.577778e-01
4.250000e-01 9.577778e-01
4.253333e-01 9.577778e-01
4.256667e-01 9.566667e-01
4.260000e-01 9.566667e-01
4.263333e-01 9.566667e-01
4.266667e-01 9.566667e-01
4.270000e-01 9.566667e-01
4.273333e-01 9.566667e-01
4.276667e-01 9.566667e-01
4.280000e-01 9.566667e-01
4.283333e-01 9.566667e-01
4.286667e-01 9.555556e-01
4.290000e-01 9.555556e-01
4.293333e-01 9.555556e-01
4.296667e-01 9.555556e-01
4.300000e-01 9.555556e-01
4.303333e-01 9.555556e-01
4.306667e-01 9.555556e-01
4.310000e-01 9.555556e-01
4.313333e-01 9.555556e-01
4.316667e-01 9.544444e-01
4.320000e-01 9.544444e-01
4.323333e-01 9.544444e-01
4.326667e-01 9.544444e-01
4.330000e-01 9.544444e-01
4.333333e-01 9.544444e-01
4.336667e-01 9.544444e-01
4.340000e-01 9.544444e-01
4.343333e-01 9.533333e-01
4.346667e-01 9.533333e-01
4.350000e-01 9.533333e-01
4.353333e-01 9.533333e-01
4.356667e-01 9.533333e-01
4.360000e-01 9.533333e-01
4.363333e-01 9.533333e-01
4.366667e-01 9.533333e-01
4.370000e-01 9.522222e-01
4.373333e-01 9.522222e-01
4.376667e-01 9.522222e-01
4.380000e-01 9.522222e-01
4.383333e-01 9.522222e-01
4.386667e-01 9.522222e-01
4.390000e-01 9.522222e-01
4.393333e-01 9.511111e-01
4.396667e-01 9.511111e-01
4.400000e-01 9.511111e-01
4.403333e-01 9.511111e-01
4.406667e-01 9.511111e-01
4.410000e-01 9.511111e-01
4.413333e-01 9.511111e-01
4.416667e-01 9.500000e-01
4.420000e-01 9.500000e-01
4.423333e-01 9.500000e-01
4.426667e-01 9.500000e-01
4.430000e-01 9.500000e-01
4.433333e-01 9.500000e-01
4.436667e-01 9.500000e-01
4.440000e-01 9.488889e-01
4.443333e-01 9.488889e-01
4.446667e-01 9.488889e-01
4.450000e-01 9.488889e-01
4.453333e-01 9.488889e-01
4.456667e-01 9.488889e-01
4.460000e-01 9.477778e-01
4.463333e-01 9.477778e-01
4.466667e-01 9.477778e-01
4.470000e-01 9.477778e-01
4.473333e-01 9.477778e-01
4.476667e-01 9.477778e-01
4.480000e-01 9.466667e-01
4.483333e-01 9.466667e-01
4.486667e-01 9.466667e-01
4.490000e-01 9.466667e-01
4.493333e-01 9.466667e-01
4.496667e-01 9.466667e-01
4.500000e-01 9.455556e-01
4.503333e-01 9.455556e-01
4.506667e-01 9.455556e-01
4.510000e-01 9.455556e-01
4.513333e-01 9.455556e-01
4.516667e-01 9.455556e-01
4.520000e-01 9.444444e-01
4.523333e-01 9.444444e-01
4.526667e-01 9.444444e-01
4.530000e-01 9.444444e-01
4.533333e-01 9.444444e-01
4.536667e-01 9.433333e-01
4.540000e-01 9.433333e-01
4.543333e-01 9.433333e-01
4.546667e-01 9.433333e-01
4.550000e-01 9.433333e-01
4.553333e-01 9.422222e-01
4.556667e-01 9.422222e-01
4.560000e-01 9.422222e-01
4.563333e-01 9.422222e-01
4.566667e-01 9.422222e-01
4.570000e-01 9.411111e-01
4.573333e-01 9.411111e-01
4.576667e-01 9.411111e-01
4.580000e-01 9.411111e-01
4.583333e-01 9.400000e-01
4.586667e-01 9.400000e-01
4.590000e-01 9.400000e-01
4.593333e-01 9.400000e-01
4.596667e-01 9.400000e-01
4.600000e-01 9.388889e-01
4.603333e-01 9.388889e-01
4.606667e-01 9.388889e-01
4.610000e-01 9.388889e-01
4.613333e-01 9.377778e-01
4.616667e-01 9.377778e-01
4.620000e-01 9.377778e-01
4.623333e-01 9.377778e-01
4.626667e-01 9.366667e-01
4.630000e-01 9.366667e-01
4.633333e-01 9.366667e-01
4.636667e-01 9.366667e-01
4.640000e-01 9.355556e-01
4.643333e-01 9.355556e-01
4.646667e-01 9.355556e-01
4.650000e-01 9.344444e-01
4.653333e-01 9.344444e-01
4.656667e-01 9.344444e-01
4.660000e-01 9.344444e-01
4.663333e-01 9.333333e-01
4.666667e-01 9.333333e-01
4.670000e-01 9.333333e-01
4.673333e-01 9.322222e-01
4.676667e-01 9.322222e-01
4.680000e-01 9.322222e-01
4.683333e-01 9.311111e-01
4.686667e-01 9.311111e-01
4.690000e-01 9.311111e-01
4.693333e-01 9.300000e-01
4.696667e-01 9.300000e-01
4.700000e-01 9.300000e-01
4.703333e-01 9.288889e-01
4.706667e-01 9.288889e-01
4.710000e-01 9.288889e-01
4.713333e-01 9.277778e-01
4.716667e-01 9.277778e-01
4.720000e-01 9.277778e-01
4.723333e-01 9.266667e-01
4.726667e-01 9.266667e-01
4.730000e-01 9.255556e-01
4.733333e-01 9.255556e-01
4.736667e-01 9.255556e-01
4.740000e-01 9.244444e-01
4.743333e-01 9.244444e-01
4.746667e-01 9.233333e-01
4.750000e-01 9.233333e-01
4.753333e-01 9.222222e-01
4.756667e-01 9.222222e-01
4.760000e-01 9.222222e-01
4.763333e-01 9.211111e-01
4.766667e-01 9.211111e-01
4.770000e-01 9.200000e-01
4.773333e-01 9.200000e-01
4.776667e-01 9.188889e-01
4.780000e-01 9.188889e-01
4.783333e-01 9.177778e-01
4.786667e-01 9.166667e-01
4.790000e-01 9.166667e-01
4.793333e-01 9.155556e-01
4.796667e-01 9.155556e-01
4.800000e-01 9.144444e-01
4.803333e-01 9.144444e-01
4.806667e-01 9.133333e-01
4.810000e-01 9.122222e-01
4.813333e-01 9.122222e-01
4.816667e-01 9.111111e-01
4.820000e-01 9.100000e-01
4.823333e-01 9.100000e-01
4.826667e-01 9.088889e-01
4.830000e-01 9.077778e-01
4.833333e-01 9.066667e-01
4.836667e-01 9.066667e-01
4.840000e-01 9.055556e-01
4.843333e-01 9.044444e-01
4.846667e-01 9.033333e-01
4.850000e-01 9.022222e-01
4.853333e-01 9.011111e-01
4.856667e-01 9.000000e-01
4.860000e-01 8.988889e-01
4.863333e-01 8.977778e-01
4.866667e-01 8.966667e-01
4.870000e-01 8.955556e-01
4.873333e-01 8.944444e-01
4.876667e-01 8.933333e-01
4.880000e-01 8.922222e-01
4.883333e-01 8.911111e-01
4.886667e-01 8.888889e-01
4.890000e-01 8.877778e-01
4.893333e-01 8.866667e-01
4.896667e-01 8.844444e-01
4.900000e-01 8.833333e-01
4.903333e-01 8.811111e-01
4.906667e-01 8.788889e-01
4.910000e-01 8.777778e-01
4.913333e-01 8.755556e-01
4.916667e-01 8.733333e-01
4.920000e-01 8.711111e-01
4.923333e-01 8.688889e-01
4.926667e-01 8.655556e-01
4.930000e-01 8.633333e-01
4.933333e-01 8.611111e-01
4.936667e-01 8.577778e-01
4.940000e-01 8.544444e-01
4.943333e-01 8.511111e-01
4.946667e-01 8.466667e-01
4.950000e-01 8.433333e-01
4.953333e-01 8.388889e-01
4.956667e-01 8.333333e-01
4.960000e-01 8.288889e-01
4.963333e-01 8.222222e-01
4.966667e-01 8.155556e-01
4.970000e-01 8.088889e-01
4.973333e-01 8.000000e-01
4.976667e-01 7.900000e-01
4.980000e-01 7.788889e-01
4.983333e-01 7.655556e-01
4.986667e-01 7.477778e-01
4.990000e-01 7.266667e-01
4.993333e-01 6.966667e-01
4.996667e-01 6.522222e-01
5.000000e-01 5.655556e-01
5.003333e-01 0.000000e+00
5.006667e-01 0.000000e+00
5.010000e-01 0.000000e+00
5.013333e-01 0.000000e+00
5.016667e-01 0.000000e+00
5.020000e-01 0.000000e+00
5.023333e-01 0.000000e+00
5.026667e-01 0.000000e+00
5.030000e-01 0.000000e+00
5.033333e-01 0.000000e+00
5.036667e-01 0.000000e+00
5.040000e-01 0.000000e+00
5.043333e-01 0.000000e+00
5.046667e-01 0.000000e+00
5.050000e-01 0.000000e+00
5.053333e-01 0.000000e+00
5.056667e-01 0.000000e+00
5.060000e-01 0.000000e+00
5.063333e-01 0.000000e+00
5.066667e-01 0.000000e+00
5.070000e-01 0.000000e+00
5.073333e-01 0.000000e+00
5.076667e-01 0.000000e+00
5.080000e-01 0.000000e+00
5.083333e-01 0.000000e+00
5.086667e-01 0.000000e+00
5.090000e-01 0.000000e+00
5.093333e-01 0.000000e+00
5.096667e-01 0.000000e+00
5.100000e-01 0.000000e+00
5.103333e-01 0.000000e+00
5.106667e-01 0.000000e+00
5.110000e-01 0.000000e+00
5.113333e-01 0.000000e+00
5.116667e-01 0.000000e+00
5.120000e-01 0.000000e+00
5.123333e-01 0.000000e+00
5.126667e-01 0.000000e+00
5.130000e-01 0.000000e+00
5.133333e-01 0.000000e+00
5.136667e-01 0.000000e+00
5.140000e-01 0.000000e+00
5.143333e-01 0.000000e+00
5.146667e-01 0.000000e+00
5.150000e-01 0.000000e+00
5.153333e-01 0.000000e+00
5.156667e-01 0.000000e+00
5.160000e-01 0.000000e+00
5.163333e-01 0.000000e+00
5.166667e-01 0.000000e+00
5.170000e-01 0.000000e+00
5.173333e-01 0.000000e+00
5.176667e-01 0.000000e+00
5.180000e-01 0.000000e+00
5.183333e-01 0.000000e+00
5.186667e-01 0.000000e+00
5.190000e-01 0.000000e+00
5.193333e-01 0.000000e+00
5.196667e-01 0.000000e+00
5.200000e-01 0.000000e+00
5.203333e-01 0.000000e+00
5.206667e-01 0.000000e+00
5.210000e-01 0.000000e+00
5.213333e-01 0.000000e+00
5.216667e-01 0.000000e+00
5.220000e-01 0.000000e+00
5.223333e-01 0.000000e+00
5.226667e-01 0.000000e+00
5.230000e-01 0.000000e+00
5.233333e-01 0.000000e+00
5.236667e-01 0.000000e+00
5.240000e-01 0.000000e+00
5.243333e-01 0.000000e+00
5.246667e-01 0.000000e+00
5.250000e-01 0.000000e+00
5.253333e-01 0.000000e+00
5.256667e-01 0.000000e+00
5.260000e-01 0.000000e+00
5.263333e-01 0.000000e+00
5.266667e-01 0.000000e+00
5.270000e-01 0.000000e+00
5.273333e-01 0.000000e+00
5.276667e-01 0.000000e+00
5.280000e-01 0.000000e+00
5.283333e-01 0.000000e+00
5.286667e-01 0.000000e+00
5.290000e-01 0.000000e+00
5.293333e-01 0.000000e+00
5.296667e-01 0.000000e+00
5.300000e-01 0.000000e+00
5.303333e-01 0.000000e+00
5.306667e-01 0.000000e+00
5.310000e-01 0.000000e+00
5.313333e-01 0.000000e+00
5.316667e-01 0.000000e+00
5.320000e-01 0.000000e+00
5.323333e-01 0.000000e+00
5.326667e-01 0.000000e+00
5.330000e-01 0.000000e+00
5.333333e-01 0.000000e+00
5.336667e-01 0.000000e+00
5.340000e-01 0.000000e+00
5.343333e-01 0.000000e+00
5.346667e-01 0.000000e+00
5.350000e-01 0.000000e+00
5.353333e-01 0.000000e+00
5.356667e-01 0.000000e+00
5.360000e-01 0.000000e+00
5.363333e-01 0.000000e+00
5.366667e-01 0.000000e+00
5.370000e-01 0.000000e+00
5.373333e-01 0.000000e+00
5.376667e-01 0.000000e+00
5.380000e-01 0.000000e+00
5.383333e-01 0.000000e+00
5.386667e-01 0.000000e+00
5.390000e-01 0.000000e+00
5.393333e-01 0.000000e+00
5.396667e-01 0.000000e+00
5.400000e-01 0.000000e+00
5.403333e-01 0.000000e+00
5.406667e-01 0.000000e+00
5.410000e-01 0.000000e+00
5.413333e-01 0.000000e+00
5.416667e-01 0.000000e+00
5.420000e-01 0.000000e+00
5.423333e-01 0.000000e+00
5.426667e-01 0.000000e+00
5.430000e-01 0.000000e+00
5.433333e-01 0.000000e+00
5.436667e-01 0.000000e+00
5.440000e-01 0.000000e+00
5.443333e-01 0.000000e+00
5.446667e-01 0.000000e+00
5.450000e-01 0.000000e+00
5.453333e-01 0.000000e+00
5.456667e-01 0.000000e+00
5.460000e-01 0.000000e+00
5.463333e-01 0.000000e+00
5.466667e-01 0.000000e+00
5.470000e-01 0.000000e+00
5.473333e-01 0.000000e+00
5.476667e-01 0.000000e+00
5.480000e-01 0.000000e+00
5.483333e-01 0.000000e+00
5.486667e-01 0.000000e+00
5.490000e-01 0.000000e+00
5.493333e-01 0.000000e+00
5.496667e-01 0.000000e+00
5.500000e-01 0.000000e+00
5.503333e-01 0.000000e+00
5.506667e-01 0.000000e+00
5.510000e-01 0.000000e+00
5.513333e-01 0.000000e+00
5.516667e-01 0.000000e+00
5.520000e-01 0.000000e+00
5.523333e-01 0.000000e+00
5.526667e-01 0.000000e+00
5.530000e-01 0.000000e+00
5.533333e-01 0.000000e+00
5.536667e-01 0.000000e+00
5.540000e-01 0.000000e+00
5.543333e-01 0.000000e+00
5.546667e-01 0.000000e+00
5.550000e-01 0.000000e+00
5.553333e-01 0.000000e+00
5.556667e-01 0.000000e+00
5.560000e-01 0.000000e+00
5.563333e-01 0.000000e+00
5.566667e-01 0.000000e+00
5.570000e-01 0.000000e+00
5.573333e-01 0.000000e+00
5.576667e-01 0.000000e+00
5.580000e-01 0.000000e+00
5.583333e-01 0.000000e+00
5.586667e-01 0.000000e+00
5.590000e-01 0.000000e+00
5.593333e-01 0.000000e+00
5.596667e-01 0.000000e+00
5.600000e-01 0.000000e+00
5.603333e-01 0.000000e+00
5.606667e-01 0.000000e+00
5.610000e-01 0.000000e+00
5.613333e-01 0.000000e+00
5.616667e-01 0.000000e+00
5.620000e-01 0.000000e+00
5.623333e-01 0.000000e+00
5.626667e-01 0.000000e+00
5.630000e-01 0.000000e+00
5.633333e-01 0.000000e+00
5.636667e-01 0.000000e+00
5.640000e-01 0.000000e+00
5.643333e-01 0.000000e+00
5.646667e-01 0.000000e+00
5.650000e-01 0.000000e+00
5.653333e-01 0.000000e+00
5.656667e-01 0.000000e+00
5.660000e-01 0.000000e+00
5.663333e-01 0.000000e+00
5.666667e-01 0.000000e+00
5.670000e-01 0.000000e+00
5.673333e-01 0.000000e+00
5.676667e-01 0.000000e+00
5.680000e-01 0.000000e+00
5.683333e-01 0.000000e+00
5.686667e-01 0.000000e+00
5.690000e-01 0.000000e+00
5.693333e-01 0.000000e+00
5.696667e-01 0.000000e+00
5.700000e-01 0.000000e+00
5.703333e-01 0.000000e+00
5.706667e-01 0.000000e+00
5.710000e-01 0.000000e+00
5.713333e-01 0.000000e+00
5.716667e-01 0.000000e+00
5.720000e-01 0.000000e+00
5.723333e-01 0.000000e+00
5.726667e-01 0.000000e+00
5.730000e-01 0.000000e+00
5.733333e-01 0.000000e+00
5.736667e-01 0.000000e+00
5.740000e-01 0.000000e+00
5.743333e-01 0.000000e+00
5.746667e-01 0.000000e+00
5.750000e-01 0.000000e+00
5.753333e-01 0.000000e+00
5.756667e-01 0.000000e+00
5.760000e-01 0.000000e+00
5.763333e-01 0.000000e+00
5.766667e-01 0.000000e+00
5.770000e-01 0.000000e+00
5.773333e-01 0.000000e+00
5.776667e-01 0.000000e+00
5.780000e-01 0.000000e+00
5.783333e-01 0.000000e+00
5.786667e-01 0.000000e+00
5.790000e-01 0.000000e+00
5.793333e-01 0.000000e+00
5.796667e-01 0.000000e+00
5.800000e-01 0.000000e+00
5.803333e-01 0.000000e+00
5.806667e-01 0.000000e+00
5.810000e-01 0.000000e+00
5.813333e-01 0.000000e+00
5.816667e-01 0.000000e+00
5.820000e-01 0.000000e+00
5.823333e-01 0.000000e+00
5.826667e-01 0.000000e+00
5.830000e-01 0.000000e+00
5.833333e-01 0.000000e+00
5.836667e-01 0.000000e+00
5.840000e-01 0.000000e+00
5.843333e-01 0.000000e+00
5.846667e-01 0.000000e+00
5.850000e-01 0.000000e+00
5.853333e-01 0.000000e+00
5.856667e-01 0.000000e+00
5.860000e-01 0.000000e+00
5.863333e-01 0.000000e+00
5.866667e-01 0.000000e+00
5.870000e-01 0.000000e+00
5.873333e-01 0.000000e+00
5.876667e-01 0.000000e+00
5.880000e-01 0.000000e+00
5.883333e-01 0.000000e+00
5.886667e-01 0.000000e+00
5.890000e-01 0.000000e+00
5.893333e-01 0.000000e+00
5.896667e-01 0.000000e+00
5.900000e-01 0.000000e+00
5.903333e-01 0.000000e+00
5.906667e-01 0.000000e+00
5.910000e-01 0.000000e+00
5.913333e-01 0.000000e+00
5.916667e-01 0.000000e+00
5.920000e-01 0.000000e+00
5.923333e-01 0.000000e+00
5.926667e-01 0.000000e+00
5.930000e-01 0.000000e+00
5.933333e-01 0.000000e+00
5.936667e-01 0.000000e+00
5.940000e-01 0.000000e+00
5.943333e-01 0.000000e+00
5.946667e-01 0.000000e+00
5.950000e-01 0.000000e+00
5.953333e-01 0.000000e+00
5.956667e-01 0.000000e+00
5.960000e-01 0.000000e+00
5.963333e-01 0.000000e+00
5.966667e-01 0.000000e+00
5.970000e-01 0.000000e+00
5.973333e-01 0.000000e+00
5.976667e-01 0.000000e+00
5.980000e-01 0.000000e+00
5.983333e-01 0.000000e+00
5.986667e-01 0.000000e+00
5.990000e-01 0.000000e+00
5.993333e-01 0.000000e+00
5.996667e-01 0.000000e+00
6.000000e-01 0.000000e+00
6.003333e-01 0.000000e+00
6.006667e-01 0.000000e+00
6.010000e-01 0.000000e+00
6.013333e-01 0.000000e+00
6.016667e-01 0.000000e+00
6.020000e-01 0.000000e+00
6.023333e-01 0.000000e+00
6.026667e-01 0.000000e+00
6.030000e-01 0.000000e+00
6.033333e-01 0.000000e+00
6.036667e-01 0.000000e+00
6.040000e-01 0.000000e+00
6.043333e-01 0.000000e+00
6.046667e-01 0.000000e+00
6.050000e-01 0.000000e+00
6.053333e-01 0.000000e+00
6.056667e-01 0.000000e+00
6.060000e-01 0.000000e+00
6.063333e-01 0.000000e+00
6.066667e-01 0.000000e+00
6.070000e-01 0.000000e+00
6.073333e-01 0.000000e+00
6.076667e-01 0.000000e+00
6.080000e-01 0.000000e+00
6.083333e-01 0.000000e+00
6.086667e-01 0.000000e+00
6.090000e-01 0.000000e+00
6.093333e-01 0.000000e+00
6.096667e-01 0.000000e+00
6.100000e-01 0.000000e+00
6.103333e-01 0.000000e+00
6.106667e-01 0.000000e+00
6.110000e-01 0.000000e+00
6.113333e-01 0.000000e+00
6.116667e-01 0.000000e+00
6.120000e-01 0.000000e+00
6.123333e-01 0.000000e+00
6.126667e-01 0.000000e+00
6.130000e-01 0.000000e+00
6.133333e-01 0.000000e+00
6.136667e-01 0.000000e+00
6.140000e-01 0.000000e+00
6.143333e-01 0.000000e+00
6.146667e-01 0.000000e+00
6.150000e-01 0.000000e+00
6.153333e-01 0.000000e+00
6.156667e-01 0.000000e+00
6.160000e-01 0.000000e+00
6.163333e-01 0.000000e+00
6.166667e-01 0.000000e+00
6.170000e-01 0.000000e+00
6.173333e-01 0.000000e+00
6.176667e-01 0.000000e+00
6.180000e-01 0.000000e+00
6.183333e-01 0.000000e+00
6.186667e-01 0.000000e+00
6.190000e-01 0.000000e+00
6.193333e-01 0.000000e+00
6.196667e-01 0.000000e+00
6.200000e-01 0.000000e+00
6.203333e-01 0.000000e+00
6.206667e-01 0.000000e+00
6.210000e-01 0.000000e+00
6.213333e-01 0.000000e+00
6.216667e-01 0.000000e+00
6.220000e-01 0.000000e+00
6.223333e-01 0.000000e+00
6.226667e-01 0.000000e+00
6.230000e-01 0.000000e+00
6.233333e-01 0.000000e+00
6.236667e-01 0.000000e+00
6.240000e-01 0.000000e+00
6.243333e-01 0.000000e+00
6.246667e-01 0.000000e+00
6.250000e-01 0.000000e+00
6.253333e-01 0.000000e+00
6.256667e-01 0.000000e+00
6.260000e-01 0.000000e+00
6.263333e-01 0.000000e+00
6.266667e-01 0.000000e+00
6.270000e-01 0.000000e+00
6.273333e-01 0.000000e+00
6.276667e-01 0.000000e+00
6.280000e-01 0.000000e+00
6.283333e-01 0.000000e+00
6.286667e-01 0.000000e+00
6.290000e-01 0.000000e+00
6.293333e-01 0.000000e+00
6.296667e-01 0.000000e+00
6.300000e-01 0.000000e+00
6.303333e-01 0.000000e+00
6.306667e-01 0.000000e+00
6.310000e-01 0.000000e+00
6.313333e-01 0.000000e+00
6.316667e-01 0.000000e+00
6.320000e-01 0.000000e+00
6.323333e-01 0.000000e+00
6.326667e-01 0.000000e+00
6.330000e-01 0.000000e+00
6.333333e-01 0.000000e+00
6.336667e-01 0.000000e+00
6.340000e-01 0.000000e+00
6.343333e-01 0.000000e+00
6.346667e-01 0.000000e+00
6.350000e-01 0.000000e+00
6.353333e-01 0.000000e+00
6.356667e-01 0.000000e+00
6.360000e-01 0.000000e+00
6.363333e-01 0.000000e+00
6.366667e-01 0.000000e+00
6.370000e-01 0.000000e+00
6.373333e-01 0.000000e+00
6.376667e-01 0.000000e+00
6.380000e-01 0.000000e+00
6.383333e-01 0.000000e+00
6.386667e-01 0.000000e+00
6.390000e-01 0.000000e+00
6.393333e-01 0.000000e+00
6.396667e-01 0.000000e+00
6.400000e-01 0.000000e+00
6.403333e-01 0.000000e+00
6.406667e-01 0.000000e+00
6.410000e-01 0.000000e+00
6.413333e-01 0.000000e+00
6.416667e-01 0.000000e+00
6.420000e-01 0.000000e+00
6.423333e-01 0.000000e+00
6.426667e-01 0.000000e+00
6.430000e-01 0.000000e+00
6.433333e-01 0.000000e+00
6.436667e-01 0.000000e+00
6.440000e-01 0.000000e+00
6.443333e-01 0.000000e+00
6.446667e-01 0.000000e+00
6.450000e-01 0.000000e+00
6.453333e-01 0.000000e+00
6.456667e-01 0.000000e+00
6.460000e-01 0.000000e+00
6.463333e-01 0.000000e+00
6.466667e-01 0.000000e+00
6.470000e-01 0.000000e+00
6.473333e-01 0.000000e+00
6.476667e-01 0.000000e+00
6.480000e-01 0.000000e+00
6.483333e-01 0.000000e+00
6.486667e-01 0.000000e+00
6.490000e-01 0.000000e+00
6.493333e-01 0.000000e+00
6.496667e-01 0.000000e+00
6.500000e-01 0.000000e+00
6.503333e-01 0.000000e+00
6.506667e-01 0.000000e+00
6.510000e-01 0.000000e+00
6.513333e-01 0.000000e+00
6.516667e-01 0.000000e+00
6.520000e-01 0.000000e+00
6.523333e-01 0.000000e+00
6.526667e-01 0.000000e+00
6.530000e-01 0.000000e+00
6.533333e-01 0.000000e+00
6.536667e-01 0.000000e+00
6.540000e-01 0.000000e+00
6.543333e-01 0.000000e+00
6.546667e-01 0.000000e+00
6.550000e-01 0.000000e+00
6.553333e-01 0.000000e+00
6.556667e-01 0.000000e+00
6.560000e-01 0.000000e+00
6.563333e-01 0.000000e+00
6.566667e-01 0.000000e+00
6.570000e-01 0.000000e+00
6.573333e-01 0.000000e+00
6.576667e-01 0.000000e+00
6.580000e-01 0.000000e+00
6.583333e-01 0.000000e+00
6.586667e-01 0.000000e+00
6.590000e-01 0.000000e+00
6.593333e-01 0.000000e+00
6.596667e-01 0.000000e+00
6.600000e-01 0.000000e+00
6.603333e-01 0.000000e+00
6.606667e-01 0.000000e+00
6.610000e-01 0.000000e+00
6.613333e-01 0.000000e+00
6.616667e-01 0.000000e+00
6.620000e-01 0.000000e+00
6.623333e-01 0.000000e+00
6.626667e-01 0.000000e+00
6.630000e-01 0.000000e+00
6.633333e-01 0.000000e+00
6.636667e-01 0.000000e+00
6.640000e-01 0.000000e+00
6.643333e-01 0.000000e+00
6.646667e-01 0.000000e+00
6.650000e-01 0.000000e+00
6.653333e-01 0.000000e+00
6.656667e-01 0.000000e+00
6.660000e-01 0.000000e+00
6.663333e-01 0.000000e+00
6.666667e-01 0.000000e+00
6.670000e-01 0.000000e+00
6.673333e-01 0.000000e+00
6.676667e-01 0.000000e+00
6.680000e-01 0.000000e+00
6.683333e-01 0.000000e+00
6.686667e-01 0.000000e+00
6.690000e-01 0.000000e+00
6.693333e-01 0.000000e+00
6.696667e-01 0.000000e+00
6.700000e-01 0.000000e+00
6.703333e-01 0.000000e+00
6.706667e-01 0.000000e+00
6.710000e-01 0.000000e+00
6.713333e-01 0.000000e+00
6.716667e-01 0.000000e+00
6.720000e-01 0.000000e+00
6.723333e-01 0.000000e+00
6.726667e-01 0.000000e+00
6.730000e-01 0.000000e+00
6.733333e-01 0.000000e+00
6.736667e-01 0.000000e+00
6.740000e-01 0.000000e+00
6.743333e-01 0.000000e+00
6.746667e-01 0.000000e+00
6.750000e-01 0.000000e+00
6.753333e-01 0.000000e+00
6.756667e-01 0.000000e+00
6.760000e-01 0.000000e+00
6.763333e-01 0.000000e+00
6.766667e-01 0.000000e+00
6.770000e-01 0.000000e+00
6.773333e-01 0.000000e+00
6.776667e-01 0.000000e+00
6.780000e-01 0.000000e+00
6.783333e-01 0.000000e+00
6.786667e-01 0.000000e+00
6.790000e-01 0.000000e+00
6.793333e-01 0.000000e+00
6.796667e-01 0.000000e+00
6.800000e-01 0.000000e+00
6.803333e-01 0.000000e+00
6.806667e-01 0.000000e+00
6.810000e-01 0.000000e+00
6.813333e-01 0.000000e+00
6.816667e-01 0.000000e+00
6.820000e-01 0.000000e+00
6.823333e-01 0.000000e+00
6.826667e-01 0.000000e+00
6.830000e-01 0.000000e+00
6.833333e-01 0.000000e+00
6.836667e-01 0.000000e+00
6.840000e-01 0.000000e+00
6.843333e-01 0.000000e+00
6.846667e-01 0.000000e+00
6.850000e-01 0.000000e+00
6.853333e-01 0.000000e+00
6.856667e-01 0.000000e+00
6.860000e-01 0.000000e+00
6.863333e-01 0.000000e+00
6.866667e-01 0.000000e+00
6.870000e-01 0.000000e+00
6.873333e-01 0.000000e+00
6.876667e-01 0.000000e+00
6.880000e-01 0.000000e+00
6.883333e-01 0.000000e+00
6.886667e-01 0.000000e+00
6.890000e-01 0.000000e+00
6.893333e-01 0.000000e+00
6.896667e-01 0.000000e+00
6.900000e-01 0.000000e+00
6.903333e-01 0.000000e+00
6.906667e-01 0.000000e+00
6.910000e-01 0.000000e+00
6.913333e-01 0.000000e+00
6.916667e-01 0.000000e+00
6.920000e-01 0.000000e+00
6.923333e-01 0.000000e+00
6.926667e-01 0.000000e+00
6.930000e-01 0.000000e+00
6.933333e-01 0.000000e+00
6.936667e-01 0.000000e+00
6.940000e-01 0.000000e+00
6.943333e-01 0.000000e+00
6.946667e-01 0.000000e+00
6.950000e-01 0.000000e+00
6.953333e-01 0.000000e+00
6.956667e-01 0.000000e+00
6.960000e-01 0.000000e+00
6.963333e-01 0.000000e+00
6.966667e-01 0.000000e+00
6.970000e-01 0.000000e+00
6.973333e-01 0.000000e+00
6.976667e-01 0.000000e+00
6.980000e-01 0.000000e+00
6.983333e-01 0.000000e+00
6.986667e-01 0.000000e+00
6.990000e-01 0.000000e+00
6.993333e-01 0.000000e+00
6.996667e-01 0.000000e+00
7.000000e-01 0.000000e+00
7.003333e-01 0.000000e+00
7.006667e-01 0.000000e+00
7.010000e-01 0.000000e+00
7.013333e-01 0.000000e+00
7.016667e-01 0.000000e+00
7.020000e-01 0.000000e+00
7.023333e-01 0.000000e+00
7.026667e-01 0.000000e+00
7.030000e-01 0.000000e+00
7.033333e-01 0.000000e+00
7.036667e-01 0.000000e+00
7.040000e-01 0.000000e+00
7.043333e-01 0.000000e+00
7.046667e-01 0.000000e+00
7.050000e-01 0.000000e+00
7.053333e-01 0.000000e+00
7.056667e-01 0.000000e+00
7.060000e-01 0.000000e+00
7.063333e-01 0.000000e+00
7.066667e-01 0.000000e+00
7.070000e-01 0.000000e+00
7.073333e-01 0.000000e+00
7.076667e-01 0.000000e+00
7.080000e-01 0.000000e+00
7.083333e-01 0.000000e+00
7.086667e-01 0.000000e+00
7.090000e-01 0.000000e+00
7.093333e-01 0.000000e+00
7.096667e-01 0.000000e+00
7.100000e-01 0.000000e+00
7.103333e-01 0.000000e+00
7.106667e-01 0.000000e+00
7.110000e-01 0.000000e+00
7.113333e-01 0.000000e+00
7.116667e-01 0.000000e+00
7.120000e-01 0.000000e+00
7.123333e-01 0.000000e+00
7.126667e-01 0.000000e+00
7.130000e-01 0.000000e+00
7.133333e-01 0.000000e+00
7.136667e-01 0.000000e+00
7.140000e-01 0.000000e+00
7.143333e-01 0.000000e+00
7.146667e-01 0.000000e+00
7.150000e-01 0.000000e+00
7.153333e-01 0.000000e+00
7.156667e-01 0.000000e+00
7.160000e-01 0.000000e+00
7.163333e-01 0.000000e+00
7.166667e-01 0.000000e+00
7.170000e-01 0.000000e+00
7.173333e-01 0.000000e+00
7.176667e-01 0.000000e+00
7.180000e-01 0.000000e+00
7.183333e-01 0.000000e+00
7.186667e-01 0.000000e+00
7.190000e-01 0.000000e+00
7.193333e-01 0.000000e+00
7.196667e-01 0.000000e+00
7.200000e-01 0.000000e+00
7.203333e-01 0.000000e+00
7.206667e-01 0.000000e+00
7.210000e-01 0.000000e+00
7.213333e-01 0.000000e+00
7.216667e-01 0.000000e+00
7.220000e-01 0.000000e+00
7.223333e-01 0.000000e+00
7.226667e-01 0.000000e+00
7.230000e-01 0.000000e+00
7.233333e-01 0.000000e+00
7.236667e-01 0.000000e+00
7.240000e-01 0.000000e+00
7.243333e-01 0.000000e+00
7.246667e-01 0.000000e+00
7.250000e-01 0.000000e+00
7.253333e-01 0.000000e+00
7.256667e-01 0.000000e+00
7.260000e-01 0.000000e+00
7.263333e-01 0.000000e+00
7.266667e-01 0.000000e+00
7.270000e-01 0.000000e+00
7.273333e-01 0.000000e+00
7.276667e-01 0.000000e+00
7.280000e-01 0.000000e+00
7.283333e-01 0.000000e+00
7.286667e-01 0.000000e+00
7.290000e-01 0.000000e+00
7.293333e-01 0.000000e+00
7.296667e-01 0.000000e+00
7.300000e-01 0.000000e+00
7.303333e-01 0.000000e+00
7.306667e-01 0.000000e+00
7.310000e-01 0.000000e+00
7.313333e-01 0.000000e+00
7.316667e-01 0.000000e+00
7.320000e-01 0.000000e+00
7.323333e-01 0.000000e+00
7.326667e-01 0.000000e+00
7.330000e-01 0.000000e+00
7.333333e-01 0.000000e+00
7.336667e-01 0.000000e+00
7.340000e-01 0.000000e+00
7.343333e-01 0.000000e+00
7.346667e-01 0.000000e+00
7.350000e-01 0.000000e+00
7.353333e-01 0