0.000000e+00 0.000000e+00 2.000000e-02 5.000000e+02 -0.000000e+00 0.000000e+00
3.906250e-04 0.000000e+00 2.000000e-02 5.000000e+02 -0.000000e+00 0.000000e+00
7.812500e-04 0.000000e+00 2.000000e-02 5.000000e+02 -0.000000e+00 0.000000e+00
1.171875e-03 0.000000e+00 2.000000e-02 5.000000e+02 -0.000000e+00 0.000000e+00
1.562500e-03 0.000000e+00 2.000000e-02 5.000000e+02 -0.000000e+00 0.000000e+00
1.953125e-03 0.000000e+00 2.000000e-02 5.000000e+02 -0.000000e+00 0.000000e+00
2.343750e-03 0.000000e+00 2.000000e-02 5.000000e+02 -0.000000e+00 0.000000e+00
2.734375e-03 0.000000e+00 2.000000e-02 5.000000e+02 -0.000000e+00 0.000000e+00
3.125000e-03 0.000000e+00 2.000000e-02 5.000000e+02 -0.000000e+00 0.000000e+00
3.515625e-03 0.000000e+00 2.000000e-02 5.000000e+02 -0.000000e+00 0.000000e+00
3.906250e-03 0.000000e+00 2.000000e-02 5.000000e+02 -0.000000e+00 0.000000e+00
4.296875e-03 0.000000e+00 2.000000e-02 5.000000e+02 -0.000000e+00 0.000000e+00
4.687500e-03 0.000000e+00 2.000000e-02 5.000000e+02 -0.000000e+00 0.000000e+00
5.078125e-03 0.000000e+00 2.000000e-02 5.000000e+02 -0.000000e+00 0.000000e+00
5.468750e-03 0.000000e+00 2.000000e-02 5.000000e+02 -0.000000e+00 0.000000e+00
5.859375e-03 0.000000e+00 2.000000e-02 5.000000e+02 -0.000000e+00 0.000000e+00
6.250000e-03 0.000000e+00 2.000000e-02 5.000000e+02 -0.000000e+00 0.000000e+00
6.640625e-03 0.000000e+00 2.000000e-02 5.000000e+02 -0.000000e+00 0.000000e+00
7.031250e-03 0.000000e+00 2.000000e-02 5.000000e+02 -0.000000e+00 0.000000e+00
7.421875e-03 0.000000e+00 2.000000e-02 5.000000e+02 -0.000000e+00 0.000000e+00
7.812500e-03 0.000000e+00 2.000000e-02 5.000000e+02 -0.000000e+00 0.000000e+00
8.203125e-03 0.000000e+00 2.000000e-02 5.000000e+02 -0.000000e+00 0.000000e+00
8.593750e-03 0.000000e+00 2.000000e-02 5.000000e+02 -0.000000e+00 0.000000e+00
8.984375e-03 0.000000e+00 2.000000e-02 5.000000e+02 -0.000000e+00 0.000000e+00
9.375000e-03 0.000000e+00 2.000000e-02 5.000000e+02 -0.000000e+00 0.000000e+00
9.765625e-03 0.000000e+00 2.000000e-02 5.000000e+02 -0.000000e+00 0.000000e+00
1.015625e-02 0.000000e+00 2.000000e-02 5.000000e+02 -0.000000e+00 0.000000e+00
1.054688e-02 0.000000e+00 2.000000e-02 5.000000e+02 -0.000000e+00 0.000000e+00
1.093750e-02 0.000000e+00 2.000000e-02 5.000000e+02 -0.000000e+00 0.000000e+00
1.132813e-02 0.000000e+00 2.000000e-02 5.000000e+02 -0.000000e+00 0.000000e+00
1.171875e-02 0.000000e+00 2.000000e-02 5.000000e+02 -0.000000e+00 0.000000e+00
1.210938e-02 0.000000e+00 2.000000e-02 5.000000e+02 -0.000000e+00 0.000000e+00
1.250000e-02 0.000000e+00 2.000000e-02 5.000000e+02 -0.000000e+00 0.000000e+00
1.289063e-02 0.000000e+00 2.000000e-02 5.000000e+02 -0.000000e+00 0.000000e+00
1.328125e-02 0.000000e+00 2.000000e-02 5.000000e+02 -0.000000e+00 0.000000e+00
1.367188e-02 0.000000e+00 2.000000e-02 5.000000e+02 -0.000000e+00 0.000000e+00
1.406250e-02 0.000000e+00 2.000000e-02 5.000000e+02 -0.000000e+00 0.000000e+00
1.445313e-02 0.000000e+00 2.000000e-02 5.000000e+02 -0.000000e+00 0.000000e+00
1.484375e-02 0.000000e+00 2.000000e-02 5.000000e+02 -0.000000e+00 0.000000e+00
1.523438e-02 0.000000e+00 2.000000e-02 5.000000e+02 -0.000000e+00 0.000000e+00
1.562500e-02 0.000000e+00 2.000000e-02 5.000000e+02 -0.000000e+00 0.000000e+00
1.601563e-02 0.000000e+00 2.000000e-02 5.000000e+02 -0.000000e+00 0.000000e+00
1.640625e-02 0.000000e+00 2.000000e-02 5.000000e+02 -0.000000e+00 0.000000e+00
1.679687e-02 0.000000e+00 2.000000e-02 5.000000e+02 -0.000000e+00 0.000000e+00
1.718750e-02 0.000000e+00 2.000000e-02 5.000000e+02 -0.000000e+00 0.000000e+00
1.757812e-02 0.000000e+00 2.000000e-02 5.000000e+02 -0.000000e+00 0.000000e+00
1.796875e-02 0.000000e+00 2.000000e-02 5.000000e+02 -0.000000e+00 0.000000e+00
1.835938e-02 0.000000e+00 2.000000e-02 5.000000e+02 -0.000000e+00 0.000000e+00
1.875000e-02 0.000000e+00 2.000000e-02 5.000000e+02 -0.000000e+00 0.000000e+00
1.914063e-02 0.000000e+00 2.000000e-02 5.000000e+02 -0.000000e+00 0.000000e+00
1.953125e-02 0.000000e+00 2.000000e-02 5.000000e+02 -0.000000e+00 0.000000e+00
1.992188e-02 0.000000e+00 2.000000e-02 5.000000e+02 -0.000000e+00 0.000000e+00
2.031250e-02 0.000000e+00 2.000000e-02 5.000000e+02 -0.000000e+00 0.000000e+00
2.070313e-02 0.000000e+00 2.000000e-02 5.000000e+02 -0.000000e+00 0.000000e+00
2.109375e-02 0.000000e+00 2.000000e-02 5.000000e+02 -0.000000e+00 0.000000e+00
2.148438e-02 0.000000e+00 2.000000e-02 5.000000e+02 -0.000000e+00 0.000000e+00
2.187500e-02 0.000000e+00 2.000000e-02 5.000000e+02 -0.000000e+00 0.000000e+00
2.226563e-02 0.000000e+00 2.000000e-02 5.000000e+02 -0.000000e+00 0.000000e+00
2.265625e-02 0.000000e+00 2.000000e-02 5.000000e+02 -0.000000e+00 0.000000e+00
2.304688e-02 0.000000e+00 2.000000e-02 5.000000e+02 -0.000000e+00 0.000000e+00
2.343750e-02 0.000000e+00 2.000000e-02 5.000000e+02 -0.000000e+00 0.000000e+00
2.382813e-02 0.000000e+00 2.000000e-02 5.000000e+02 -0.000000e+00 0.000000e+00
2.421875e-02 0.000000e+00 2.000000e-02 5.000000e+02 -0.000000e+00 0.000000e+00
2.460938e-02 0.000000e+00 2.000000e-02 5.000000e+02 -0.000000e+00 0.000000e+00
2.500000e-02 0.000000e+00 2.000000e-02 5.000000e+02 -0.000000e+00 0.000000e+00
2.539062e-02 0.000000e+00 2.000000e-02 5.000000e+02 -0.000000e+00 0.000000e+00
2.578125e-02 0.000000e+00 2.000000e-02 5.000000e+02 -0.000000e+00 0.000000e+00
2.617188e-02 0.000000e+00 2.000000e-02 5.000000e+02 -0.000000e+00 0.000000e+00
2.656250e-02 0.000000e+00 2.000000e-02 5.000000e+02 -0.000000e+00 0.000000e+00
2.695313e-02 0.000000e+00 2.000000e-02 5.000000e+02 -0.000000e+00 0.000000e+00
2.734375e-02 0.000000e+00 2.000000e-02 5.000000e+02 -0.000000e+00 0.000000e+00
2.773438e-02 0.000000e+00 2.000000e-02 5.000000e+02 -0.000000e+00 0.000000e+00
2.812500e-02 0.000000e+00 2.000000e-02 5.000000e+02 -0.000000e+00 0.000000e+00
2.851563e-02 0.000000e+00 2.000000e-02 5.000000e+02 -0.000000e+00 0.000000e+00
2.890625e-02 0.000000e+00 2.000000e-02 5.000000e+02 -0.000000e+00 0.000000e+00
2.929688e-02 0.000000e+00 2.000000e-02 5.000000e+02 -0.000000e+00 0.000000e+00
2.968750e-02 0.000000e+00 2.000000e-02 5.000000e+02 -0.000000e+00 0.000000e+00
3.007813e-02 0.000000e+00 2.000000e-02 5.000000e+02 -0.000000e+00 0.000000e+00
3.046875e-02 0.000000e+00 2.000000e-02 5.000000e+02 -0.000000e+00 0.000000e+00
3.085938e-02 0.000000e+00 2.000000e-02 5.000000e+02 -0.000000e+00 0.000000e+00
3.125000e-02 0.000000e+00 2.000000e-02 5.000000e+02 -0.000000e+00 0.000000e+00
3.164062e-02 0.000000e+00 2.000000e-02 5.000000e+02 -0.000000e+00 0.000000e+00
3.203125e-02 0.000000e+00 2.000000e-02 5.000000e+02 -0.000000e+00 0.000000e+00
3.242188e-02 0.000000e+00 2.000000e-02 5.000000e+02 -0.000000e+00 0.000000e+00
3.281250e-02 0.000000e+00 2.000000e-02 5.000000e+02 -0.000000e+00 0.000000e+00
3.320312e-02 0.000000e+00 2.000000e-02 5.000000e+02 -0.000000e+00 0.000000e+00
3.359375e-02 0.000000e+00 2.000000e-02 5.000000e+02 -0.000000e+00 0.000000e+00
3.398438e-02 0.000000e+00 2.000000e-02 5.000000e+02 -0.000000e+00 0.000000e+00
3.437500e-02 0.000000e+00 2.000000e-02 5.000000e+02 -0.000000e+00 0.000000e+00
3.476563e-02 0.000000e+00 2.000000e-02 5.000000e+02 -0.000000e+00 0.000000e+00
3.515625e-02 0.000000e+00 2.000000e-02 5.000000e+02 -0.000000e+00 0.000000e+00
3.554687e-02 0.000000e+00 2.000000e-02 5.000000e+02 -0.000000e+00 0.000000e+00
3.593750e-02 0.000000e+00 2.000000e-02 5.000000e+02 -0.000000e+00 0.000000e+00
3.632813e-02 0.000000e+00 2.000000e-02 5.000000e+02 -0.000000e+00 0.000000e+00
3.671875e-02 0.000000e+00 2.000000e-02 5.000000e+02 -0.000000e+00 0.000000e+00
3.710938e-02 0.000000e+00 2.000000e-02 5.000000e+02 -0.000000e+00 0.000000e+00
3.750000e-02 0.000000e+00 2.000000e-02 5.000000e+02 -0.000000e+00 0.000000e+00
3.789063e-02 0.000000e+00 2.000000e-02 5.000000e+02 -0.000000e+00 0.000000e+00
3.828125e-02 0.000000e+00 2.000000e-02 5.000000e+02 -0.000000e+00 0.000000e+00
3.867188e-02 0.000000e+00 2.000000e-02 5.000000e+02 -0.000000e+00 0.000000e+00
3.906250e-02 0.000000e+00 2.000000e-02 5.000000e+02 -0.000000e+00 0.000000e+00
3.945313e-02 0.000000e+00 2.000000e-02 5.000000e+02 -0.000000e+00 0.000000e+00
3.984375e-02 0.000000e+00 2.000000e-02 5.000000e+02 -0.000000e+00 0.000000e+00
4.023438e-02 0.000000e+00 2.000000e-02 5.000000e+02 -0.000000e+00 0.000000e+00
4.062500e-02 0.000000e+00 2.000000e-02 5.000000e+02 -0.000000e+00 0.000000e+00
4.101562e-02 0.000000e+00 2.000000e-02 5.000000e+02 -0.000000e+00 0.000000e+00
4.140625e-02 0.000000e+00 2.000000e-02 5.000000e+02 -0.000000e+00 0.000000e+00
4.179688e-02 0.000000e+00 2.000000e-02 5.000000e+02 -0.000000e+00 0.000000e+00
4.218750e-02 0.000000e+00 2.000000e-02 5.000000e+02 -0.000000e+00 0.000000e+00
4.257813e-02 0.000000e+00 2.000000e-02 5.000000e+02 -0.000000e+00 0.000000e+00
4.296875e-02 0.000000e+00 2.000000e-02 5.000000e+02 -0.000000e+00 0.000000e+00
4.335938e-02 0.000000e+00 2.000000e-02 5.000000e+02 -0.000000e+00 0.000000e+00
4.375000e-02 0.000000e+00 2.000000e-02 5.000000e+02 -0.000000e+00 0.000000e+00
4.414063e-02 0.000000e+00 2.000000e-02 5.000000e+02 -0.000000e+00 0.000000e+00
4.453125e-02 0.000000e+00 2.000000e-02 5.000000e+02 -0.000000e+00 0.000000e+00
4.492188e-02 0.000000e+00 2.000000e-02 5.000000e+02 -0.000000e+00 0.000000e+00
4.531250e-02 0.000000e+00 6.512972e-01 5.000000e+02 -0.000000e+00 0.000000e+00
4.570313e-02 1.014261e-09 1.000000e+00 5.000000e+02 -0.000000e+00 0.000000e+00
4.609375e-02 2.573370e-09 1.000000e+00 5.000000e+02 -0.000000e+00 0.000000e+00
4.648438e-02 4.132480e-09 1.000000e+00 5.000000e+02 -0.000000e+00 0.000000e+00
4.687500e-02 5.691589e-09 1.000000e+00 5.000000e+02 -0.000000e+00 0.000000e+00
4.726563e-02 7.250699e-09 1.000000e+00 5.000000e+02 -0.000000e+00 0.000000e+00
4.765625e-02 8.809809e-09 1.000000e+00 5.000000e+02 -0.000000e+00 0.000000e+00
4.804688e-02 1.036892e-08 1.000000e+00 5.000000e+02 -0.000000e+00 0.000000e+00
4.843750e-02 1.192803e-08 1.000000e+00 5.000000e+02 -0.000000e+00 0.000000e+00
4.882812e-02 1.348714e-08 1.000000e+00 5.000000e+02 -0.000000e+00 0.000000e+00
4.921875e-02 1.504625e-08 1.000000e+00 5.000000e+02 -0.000000e+00 0.000000e+00
4.960938e-02 1.660536e-08 1.000000e+00 5.000000e+02 -0.000000e+00 0.000000e+00
5.000000e-02 1.972358e-08 1.000000e+00 1.488282e+00 -0.000000e+00 0.000000e+00
5.039063e-02 4.817950e-05 1.000000e+00 1.480843e+00 -0.000000e+00 0.000000e+00
5.078125e-02 9.616895e-05 1.000000e+00 1.473404e+00 -0.000000e+00 0.000000e+00
5.117188e-02 1.439755e-04 1.000000e+00 1.465966e+00 -0.000000e+00 0.000000e+00
5.156250e-02 1.915859e-04 1.000000e+00 1.458527e+00 -0.000000e+00 0.000000e+00
5.195313e-02 2.389867e-04 1.000000e+00 1.451088e+00 -0.000000e+00 0.000000e+00
5.234375e-02 2.861638e-04 1.000000e+00 1.443650e+00 -0.000000e+00 0.000000e+00
5.273438e-02 3.330914e-04 1.000000e+00 1.436440e+00 -0.000000e+00 0.000000e+00
5.312500e-02 3.797662e-04 1.000000e+00 1.429383e+00 -0.000000e+00 0.000000e+00
5.351563e-02 4.261865e-04 1.000000e+00 1.422325e+00 -0.000000e+00 0.000000e+00
5.390625e-02 4.723377e-04 1.000000e+00 1.415268e+00 -0.000000e+00 0.000000e+00
5.429688e-02 5.182047e-04 1.000000e+00 1.408211e+00 -0.000000e+00 0.000000e+00
5.468750e-02 5.637720e-04 1.000000e+00 1.401154e+00 -0.000000e+00 0.000000e+00
5.507813e-02 6.090195e-04 1.000000e+00 1.394173e+00 -0.000000e+00 0.000000e+00
5.546875e-02 6.539233e-04 1.000000e+00 1.387497e+00 -0.000000e+00 0.000000e+00
5.585938e-02 6.984966e-04 1.000000e+00 1.380821e+00 -0.000000e+00 0.000000e+00
5.625000e-02 7.427234e-04 1.000000e+00 1.374146e+00 -0.000000e+00 0.000000e+00
5.664062e-02 7.865871e-04 1.000000e+00 1.367470e+00 -0.000000e+00 0.000000e+00
5.703125e-02 8.300707e-04 1.000000e+00 1.360794e+00 -0.000000e+00 0.000000e+00
5.742188e-02 8.731566e-04 1.000000e+00 1.354119e+00 -0.000000e+00 0.000000e+00
5.781250e-02 9.158119e-04 1.000000e+00 1.347748e+00 -0.000000e+00 0.000000e+00
5.820313e-02 9.580492e-04 1.000000e+00 1.341454e+00 -0.000000e+00 0.000000e+00
5.859375e-02 9.998594e-04 1.000000e+00 1.335160e+00 -0.000000e+00 0.000000e+00
5.898438e-02 1.041225e-03 1.000000e+00 1.328865e+00 -0.000000e+00 0.000000e+00
5.937500e-02 1.082127e-03 1.000000e+00 1.322571e+00 -0.000000e+00 0.000000e+00
5.976563e-02 1.122547e-03 1.000000e+00 1.316277e+00 -0.000000e+00 0.000000e+00
6.015625e-02 1.162458e-03 1.000000e+00 1.310135e+00 -0.000000e+00 0.000000e+00
6.054688e-02 1.201850e-03 1.000000e+00 1.304222e+00 -0.000000e+00 0.000000e+00
6.093750e-02 1.240733e-03 1.000000e+00 1.298310e+00 -0.000000e+00 0.000000e+00
6.132813e-02 1.279088e-03 1.000000e+00 1.292397e+00 -0.000000e+00 0.000000e+00
6.171875e-02 1.316896e-03 1.000000e+00 1.286484e+00 -0.000000e+00 0.000000e+00
6.210938e-02 1.354137e-03 1.000000e+00 1.280571e+00 -0.000000e+00 0.000000e+00
6.250000e-02 1.390789e-03 1.000000e+00 1.274658e+00 -0.000000e+00 0.000000e+00
6.289063e-02 1.426816e-03 1.000000e+00 1.269127e+00 -0.000000e+00 0.000000e+00
6.328125e-02 1.462254e-03 1.000000e+00 1.263596e+00 -0.000000e+00 0.000000e+00
6.367188e-02 1.497081e-03 1.000000e+00 1.258064e+00 -0.000000e+00 0.000000e+00
6.406250e-02 1.531279e-03 1.000000e+00 1.252533e+00 -0.000000e+00 0.000000e+00
6.445312e-02 1.564826e-03 1.000000e+00 1.247002e+00 -0.000000e+00 0.000000e+00
6.484375e-02 1.597701e-03 1.000000e+00 1.241470e+00 -0.000000e+00 0.000000e+00
6.523437e-02 1.629872e-03 1.000000e+00 1.236168e+00 -0.000000e+00 0.000000e+00
6.562500e-02 1.661351e-03 1.000000e+00 1.231018e+00 -0.000000e+00 0.000000e+00
6.601563e-02 1.692142e-03 1.000000e+00 1.225868e+00 -0.000000e+00 0.000000e+00
6.640625e-02 1.722225e-03 1.000000e+00 1.220718e+00 -0.000000e+00 0.000000e+00
6.679688e-02 1.751578e-03 1.000000e+00 1.215569e+00 -0.000000e+00 0.000000e+00
6.718750e-02 1.780179e-03 1.000000e+00 1.210419e+00 -0.000000e+00 0.000000e+00
6.757813e-02 1.808004e-03 1.000000e+00 1.205345e+00 -0.000000e+00 0.000000e+00
6.796875e-02 1.835033e-03 1.000000e+00 1.200577e+00 -0.000000e+00 0.000000e+00
6.835938e-02 1.861303e-03 1.000000e+00 1.195808e+00 -0.000000e+00 0.000000e+00
6.875000e-02 1.886793e-03 1.000000e+00 1.191040e+00 -0.000000e+00 0.000000e+00
6.914062e-02 1.911483e-03 1.000000e+00 1.186272e+00 -0.000000e+00 0.000000e+00
6.953125e-02 1.935349e-03 1.000000e+00 1.181503e+00 -0.000000e+00 0.000000e+00
6.992188e-02 1.958370e-03 1.000000e+00 1.176735e+00 -0.000000e+00 0.000000e+00
7.031250e-02 1.980514e-03 1.000000e+00 1.172272e+00 -0.000000e+00 0.000000e+00
7.070313e-02 2.001821e-03 1.000000e+00 1.167885e+00 -0.000000e+00 0.000000e+00
7.109375e-02 2.022289e-03 1.000000e+00 1.163498e+00 -0.000000e+00 0.000000e+00
7.148438e-02 2.041895e-03 1.000000e+00 1.159111e+00 -0.000000e+00 0.000000e+00
7.187500e-02 2.060618e-03 1.000000e+00 1.154724e+00 -0.000000e+00 0.000000e+00
7.226562e-02 2.078436e-03 1.000000e+00 1.150337e+00 -0.000000e+00 0.000000e+00
7.265625e-02 2.095324e-03 1.000000e+00 1.146103e+00 -0.000000e+00 0.000000e+00
7.304687e-02 2.111291e-03 1.000000e+00 1.142097e+00 -0.000000e+00 0.000000e+00
7.343750e-02 2.126371e-03 1.000000e+00 1.138092e+00 -0.000000e+00 0.000000e+00
7.382813e-02 2.140543e-03 1.000000e+00 1.134087e+00 -0.000000e+00 0.000000e+00
7.421875e-02 2.153789e-03 1.000000e+00 1.130081e+00 -0.000000e+00 0.000000e+00
7.460938e-02 2.166086e-03 1.000000e+00 1.126076e+00 -0.000000e+00 0.000000e+00
7.500000e-02 2.177413e-03 1.000000e+00 1.122070e+00 -0.000000e+00 0.000000e+00
7.539063e-02 2.187744e-03 1.000000e+00 1.118446e+00 -0.000000e+00 0.000000e+00
7.578125e-02 2.197158e-03 1.000000e+00 1.114822e+00 -0.000000e+00 0.000000e+00
7.617188e-02 2.205639e-03 1.000000e+00 1.111198e+00 -0.000000e+00 0.000000e+00
7.656250e-02 2.213166e-03 1.000000e+00 1.107574e+00 -0.000000e+00 0.000000e+00
7.695313e-02 2.219720e-03 1.000000e+00 1.103951e+00 -0.000000e+00 0.000000e+00
7.734375e-02 2.225282e-03 1.000000e+00 1.100327e+00 -0.000000e+00 0.000000e+00
7.773438e-02 2.229829e-03 1.000000e+00 1.096931e+00 -0.000000e+00 0.000000e+00
7.812500e-02 2.233409e-03 1.000000e+00 1.093689e+00 -0.000000e+00 0.000000e+00
7.851563e-02 2.236048e-03 1.000000e+00 1.090446e+00 -0.000000e+00 0.000000e+00
7.890625e-02 2.237730e-03 1.000000e+00 1.087204e+00 -0.000000e+00 0.000000e+00
7.929688e-02 2.238437e-03 1.000000e+00 1.083961e+00 -0.000000e+00 0.000000e+00
7.968750e-02 2.238151e-03 1.000000e+00 1.080719e+00 -0.000000e+00 0.000000e+00
8.007812e-02 2.236855e-03 1.000000e+00 1.077553e+00 -0.000000e+00 0.000000e+00
8.046875e-02 2.234555e-03 1.000000e+00 1.074692e+00 -0.000000e+00 0.000000e+00
8.085938e-02 2.231333e-03 1.000000e+00 1.071831e+00 -0.000000e+00 0.000000e+00
8.125000e-02 2.227174e-03 1.000000e+00 1.068970e+00 -0.000000e+00 0.000000e+00
8.164063e-02 2.222063e-03 1.000000e+00 1.066109e+00 -0.000000e+00 0.000000e+00
8.203125e-02 2.215984e-03 1.000000e+00 1.063248e+00 -0.000000e+00 0.000000e+00
8.242188e-02 2.208922e-03 1.000000e+00 1.060387e+00 -0.000000e+00 0.000000e+00
8.281250e-02 2.200866e-03 1.000000e+00 1.057831e+00 -0.000000e+00 0.000000e+00
8.320313e-02 2.191905e-03 1.000000e+00 1.055351e+00 -0.000000e+00 0.000000e+00
8.359375e-02 2.182054e-03 1.000000e+00 1.052872e+00 -0.000000e+00 0.000000e+00
8.398438e-02 2.171301e-03 1.000000e+00 1.050392e+00 -0.000000e+00 0.000000e+00
8.437500e-02 2.159632e-03 1.000000e+00 1.047913e+00 -0.000000e+00 0.000000e+00
8.476563e-02 2.147036e-03 1.000000e+00 1.045433e+00 -0.000000e+00 0.000000e+00
8.515625e-02 2.133501e-03 1.000000e+00 1.043106e+00 -0.000000e+00 0.000000e+00
8.554688e-02 2.119077e-03 1.000000e+00 1.041008e+00 -0.000000e+00 0.000000e+00
8.593750e-02 2.103837e-03 1.000000e+00 1.038910e+00 -0.000000e+00 0.000000e+00
8.632813e-02 2.087772e-03 1.000000e+00 1.036812e+00 -0.000000e+00 0.000000e+00
8.671875e-02 2.070870e-03 1.000000e+00 1.034714e+00 -0.000000e+00 0.000000e+00
8.710938e-02 2.053124e-03 1.000000e+00 1.032616e+00 -0.000000e+00 0.000000e+00
8.750000e-02 2.034522e-03 1.000000e+00 1.030518e+00 -0.000000e+00 0.000000e+00
8.789062e-02 2.015067e-03 1.000000e+00 1.028801e+00 -0.000000e+00 0.000000e+00
8.828125e-02 1.994896e-03 1.000000e+00 1.027084e+00 -0.000000e+00 0.000000e+00
8.867188e-02 1.974003e-03 1.000000e+00 1.025368e+00 -0.000000e+00 0.000000e+00
8.906250e-02 1.952382e-03 1.000000e+00 1.023651e+00 -0.000000e+00 0.000000e+00
8.945313e-02 1.930025e-03 1.000000e+00 1.021935e+00 -0.000000e+00 0.000000e+00
8.984375e-02 1.906925e-03 1.000000e+00 1.020218e+00 -0.000000e+00 0.000000e+00
9.023438e-02 1.883083e-03 1.000000e+00 1.018730e+00 -0.000000e+00 0.000000e+00
9.062500e-02 1.858591e-03 1.000000e+00 1.017395e+00 -0.000000e+00 0.000000e+00
9.101563e-02 1.833506e-03 1.000000e+00 1.016060e+00 -0.000000e+00 0.000000e+00
9.140625e-02 1.807824e-03 1.000000e+00 1.014725e+00 -0.000000e+00 0.000000e+00
9.179688e-02 1.781540e-03 1.000000e+00 1.013390e+00 -0.000000e+00 0.000000e+00
9.218750e-02 1.754650e-03 1.000000e+00 1.012054e+00 -0.000000e+00 0.000000e+00
9.257813e-02 1.727152e-03 1.000000e+00 1.010796e+00 -0.000000e+00 0.000000e+00
9.296875e-02 1.699087e-03 1.000000e+00 1.009842e+00 -0.000000e+00 0.000000e+00
9.335938e-02 1.670580e-03 1.000000e+00 1.008888e+00 -0.000000e+00 0.000000e+00
9.375000e-02 1.641629e-03 1.000000e+00 1.007935e+00 -0.000000e+00 0.000000e+00
9.414063e-02 1.612231e-03 1.000000e+00 1.006981e+00 -0.000000e+00 0.000000e+00
9.453125e-02 1.582385e-03 1.000000e+00 1.006027e+00 -0.000000e+00 0.000000e+00
9.492188e-02 1.552087e-03 1.000000e+00 1.005074e+00 -0.000000e+00 0.000000e+00
9.531250e-02 1.521349e-03 1.000000e+00 1.004425e+00 -0.000000e+00 0.000000e+00
9.570312e-02 1.490304e-03 1.000000e+00 1.003853e+00 -0.000000e+00 0.000000e+00
9.609375e-02 1.458986e-03 1.000000e+00 1.003281e+00 -0.000000e+00 0.000000e+00
9.648438e-02 1.427392e-03 1.000000e+00 1.002708e+00 -0.000000e+00 0.000000e+00
9.687500e-02 1.395523e-03 1.000000e+00 1.002136e+00 -0.000000e+00 0.000000e+00
9.726563e-02 1.363376e-03 1.000000e+00 1.001564e+00 -0.000000e+00 0.000000e+00
9.765625e-02 1.330959e-03 1.000000e+00 1.001144e+00 -0.000000e+00 0.000000e+00
9.804688e-02 1.298349e-03 1.000000e+00 1.000954e+00 -0.000000e+00 0.000000e+00
9.843750e-02 1.265646e-03 1.000000e+00 1.000763e+00 -0.000000e+00 0.000000e+00
9.882813e-02 1.232850e-03 1.000000e+00 1.000572e+00 -0.000000e+00 0.000000e+00
9.921875e-02 1.199961e-03 1.000000e+00 1.000381e+00 -0.000000e+00 0.000000e+00
9.960938e-02 1.166978e-03 1.000000e+00 1.000191e+00 -0.000000e+00 0.000000e+00
1.000000e-01 1.133902e-03 1.000000e+00 1.000000e+00 -0.000000e+00 0.000000e+00
1.003906e-01 1.100752e-03 1.000000e+00 1.000191e+00 -0.000000e+00 0.000000e+00
1.007813e-01 1.067695e-03 1.000000e+00 1.000381e+00 -0.000000e+00 0.000000e+00
1.011719e-01 1.034732e-03 1.000000e+00 1.000572e+00 -0.000000e+00 0.000000e+00
1.015625e-01 1.001861e-03 1.000000e+00 1.000763e+00 -0.000000e+00 0.000000e+00
1.019531e-01 9.690839e-04 1.000000e+00 1.000954e+00 -0.000000e+00 0.000000e+00
1.023438e-01 9.363996e-04 1.000000e+00 1.001144e+00 -0.000000e+00 0.000000e+00
1.027344e-01 9.038193e-04 1.000000e+00 1.001564e+00 -0.000000e+00 0.000000e+00
1.031250e-01 8.714505e-04 1.000000e+00 1.002136e+00 -0.000000e+00 0.000000e+00
1.035156e-01 8.393589e-04 1.000000e+00 1.002708e+00 -0.000000e+00 0.000000e+00
1.039063e-01 8.075438e-04 1.000000e+00 1.003281e+00 -0.000000e+00 0.000000e+00
1.042969e-01 7.760042e-04 1.000000e+00 1.003853e+00 -0.000000e+00 0.000000e+00
1.046875e-01 7.447392e-04 1.000000e+00 1.004425e+00 -0.000000e+00 0.000000e+00
1.050781e-01 7.137516e-04 1.000000e+00 1.005074e+00 -0.000000e+00 0.000000e+00
1.054688e-01 6.830871e-04 1.000000e+00 1.006027e+00 -0.000000e+00 0.000000e+00
1.058594e-01 6.528750e-04 1.000000e+00 1.006981e+00 -0.000000e+00 0.000000e+00
1.062500e-01 6.231130e-04 1.000000e+00 1.007935e+00 -0.000000e+00 0.000000e+00
1.066406e-01 5.937986e-04 1.000000e+00 1.008888e+00 -0.000000e+00 0.000000e+00
1.070313e-01 5.649295e-04 1.000000e+00 1.009842e+00 -0.000000e+00 0.000000e+00
1.074219e-01 5.365033e-04 1.000000e+00 1.010796e+00 -0.000000e+00 0.000000e+00
1.078125e-01 5.085303e-04 1.000000e+00 1.012054e+00 -0.000000e+00 0.000000e+00
1.082031e-01 4.811381e-04 1.000000e+00 1.013390e+00 -0.000000e+00 0.000000e+00
1.085938e-01 4.543541e-04 1.000000e+00 1.014725e+00 -0.000000e+00 0.000000e+00
1.089844e-01 4.281738e-04 1.000000e+00 1.016060e+00 -0.000000e+00 0.000000e+00
1.093750e-01 4.025928e-04 1.000000e+00 1.017395e+00 -0.000000e+00 0.000000e+00
1.097656e-01 3.776065e-04 1.000000e+00 1.018730e+00 -0.000000e+00 0.000000e+00
1.101563e-01 3.532160e-04 1.000000e+00 1.020218e+00 -0.000000e+00 0.000000e+00
1.105469e-01 3.294862e-04 1.000000e+00 1.021935e+00 -0.000000e+00 0.000000e+00
1.109375e-01 3.065023e-04 1.000000e+00 1.023651e+00 -0.000000e+00 0.000000e+00
1.113281e-01 2.842573e-04 1.000000e+00 1.025368e+00 -0.000000e+00 0.000000e+00
1.117188e-01 2.627442e-04 1.000000e+00 1.027084e+00 -0.000000e+00 0.000000e+00
1.121094e-01 2.419560e-04 1.000000e+00 1.028801e+00 -0.000000e+00 0.000000e+00
1.125000e-01 2.218859e-04 1.000000e+00 1.030518e+00 -0.000000e+00 0.000000e+00
1.128906e-01 2.025378e-04 1.000000e+00 1.032616e+00 -0.000000e+00 0.000000e+00
1.132812e-01 1.840494e-04 1.000000e+00 1.034714e+00 -0.000000e+00 0.000000e+00
1.136719e-01 1.664106e-04 1.000000e+00 1.036812e+00 -0.000000e+00 0.000000e+00
1.140625e-01 1.496117e-04 1.000000e+00 1.038910e+00 -0.000000e+00 0.000000e+00
1.144531e-01 1.336429e-04 1.000000e+00 1.041008e+00 -0.000000e+00 0.000000e+00
1.148438e-01 1.184947e-04 1.000000e+00 1.043106e+00 -0.000000e+00 0.000000e+00
1.152344e-01 1.041622e-04 1.000000e+00 1.045433e+00 -0.000000e+00 0.000000e+00
1.156250e-01 9.072101e-05 1.000000e+00 1.047913e+00 -0.000000e+00 0.000000e+00
1.160156e-01 7.821358e-05 1.000000e+00 1.050392e+00 -0.000000e+00 0.000000e+00
1.164063e-01 6.662720e-05 1.000000e+00 1.052872e+00 -0.000000e+00 0.000000e+00
1.167969e-01 5.594933e-05 1.000000e+00 1.055351e+00 -0.000000e+00 0.000000e+00
1.171875e-01 4.616759e-05 1.000000e+00 1.057831e+00 -0.000000e+00 0.000000e+00
1.175781e-01 3.727073e-05 1.000000e+00 1.060387e+00 -0.000000e+00 0.000000e+00
1.179688e-01 2.927574e-05 1.000000e+00 1.063248e+00 -0.000000e+00 0.000000e+00
1.183594e-01 2.227106e-05 1.000000e+00 1.066109e+00 -0.000000e+00 0.000000e+00
1.187500e-01 1.624115e-05 1.000000e+00 1.068970e+00 -0.000000e+00 0.000000e+00
1.191406e-01 1.117072e-05 1.000000e+00 1.071831e+00 -0.000000e+00 0.000000e+00
1.195313e-01 7.044715e-06 1.000000e+00 1.074692e+00 -0.000000e+00 0.000000e+00
1.199219e-01 3.848330e-06 1.000000e+00 1.077553e+00 -0.000000e+00 0.000000e+00
1.203125e-01 1.567957e-06 1.000000e+00 1.080719e+00 -0.000000e+00 0.000000e+00
1.207031e-01 2.832256e-07 1.000000e+00 1.083961e+00 -0.000000e+00 0.000000e+00
1.210938e-01 0.000000e+00 9.978708e-01 1.087204e+00 -0.000000e+00 0.000000e+00
1.214844e-01 0.000000e+00 9.949036e-01 1.090446e+00 -0.000000e+00 0.000000e+00
1.218750e-01 0.000000e+00 9.919540e-01 1.093689e+00 -0.000000e+00 0.000000e+00
1.222656e-01 0.000000e+00 9.890218e-01 1.096931e+00 -0.000000e+00 0.000000e+00
1.226563e-01 0.000000e+00 9.859701e-01 1.100327e+00 -0.000000e+00 0.000000e+00
1.230469e-01 0.000000e+00 9.827335e-01 1.103951e+00 -0.000000e+00 0.000000e+00
1.234375e-01 0.000000e+00 9.795180e-01 1.107574e+00 -0.000000e+00 0.000000e+00
1.238281e-01 0.000000e+00 9.763235e-01 1.111198e+00 -0.000000e+00 0.000000e+00
1.242188e-01 0.000000e+00 9.731497e-01 1.114822e+00 -0.000000e+00 0.000000e+00
1.246094e-01 0.000000e+00 9.699966e-01 1.118446e+00 -0.000000e+00 0.000000e+00
1.250000e-01 0.000000e+00 9.668638e-01 1.122070e+00 -0.000000e+00 0.000000e+00
1.253906e-01 0.000000e+00 9.634246e-01 1.126076e+00 -0.000000e+00 0.000000e+00
1.257813e-01 0.000000e+00 9.600099e-01 1.130081e+00 -0.000000e+00 0.000000e+00
1.261719e-01 0.000000e+00 9.566193e-01 1.134087e+00 -0.000000e+00 0.000000e+00
1.265625e-01 0.000000e+00 9.532525e-01 1.138092e+00 -0.000000e+00 0.000000e+00
1.269531e-01 0.000000e+00 9.499094e-01 1.142097e+00 -0.000000e+00 0.000000e+00
1.273438e-01 0.000000e+00 9.465896e-01 1.146103e+00 -0.000000e+00 0.000000e+00
1.277344e-01 0.000000e+00 9.431053e-01 1.150337e+00 -0.000000e+00 0.000000e+00
1.281250e-01 0.000000e+00 9.395223e-01 1.154724e+00 -0.000000e+00 0.000000e+00
1.285156e-01 0.000000e+00 9.359665e-01 1.159111e+00 -0.000000e+00 0.000000e+00
1.289062e-01 0.000000e+00 9.324375e-01 1.163498e+00 -0.000000e+00 0.000000e+00
1.292969e-01 0.000000e+00 9.289350e-01 1.167885e+00 -0.000000e+00 0.000000e+00
1.296875e-01 0.000000e+00 9.254587e-01 1.172272e+00 -0.000000e+00 0.000000e+00
1.300781e-01 0.000000e+00 9.219485e-01 1.176735e+00 -0.000000e+00 0.000000e+00
1.304687e-01 0.000000e+00 9.182277e-01 1.181503e+00 -0.000000e+00 0.000000e+00
1.308594e-01 0.000000e+00 9.145368e-01 1.186272e+00 -0.000000e+00 0.000000e+00
1.312500e-01 0.000000e+00 9.108754e-01 1.191040e+00 -0.000000e+00 0.000000e+00
1.316406e-01 0.000000e+00 9.072432e-01 1.195808e+00 -0.000000e+00 0.000000e+00
1.320313e-01 0.000000e+00 9.036399e-01 1.200577e+00 -0.000000e+00 0.000000e+00
1.324219e-01 0.000000e+00 9.000650e-01 1.205345e+00 -0.000000e+00 0.000000e+00
1.328125e-01 0.000000e+00 8.962924e-01 1.210419e+00 -0.000000e+00 0.000000e+00
1.332031e-01 0.000000e+00 8.924951e-01 1.215569e+00 -0.000000e+00 0.000000e+00
1.335938e-01 0.000000e+00 8.887300e-01 1.220718e+00 -0.000000e+00 0.000000e+00
1.339844e-01 0.000000e+00 8.849964e-01 1.225868e+00 -0.000000e+00 0.000000e+00
1.343750e-01 0.000000e+00 8.812941e-01 1.231018e+00 -0.000000e+00 0.000000e+00
1.347656e-01 0.000000e+00 8.776227e-01 1.236168e+00 -0.000000e+00 0.000000e+00
1.351563e-01 0.000000e+00 8.738743e-01 1.241470e+00 -0.000000e+00 0.000000e+00
1.355469e-01 0.000000e+00 8.699980e-01 1.247002e+00 -0.000000e+00 0.000000e+00
1.359375e-01 0.000000e+00 8.661560e-01 1.252533e+00 -0.000000e+00 0.000000e+00
1.363281e-01 0.000000e+00 8.623478e-01 1.258064e+00 -0.000000e+00 0.000000e+00
1.367188e-01 0.000000e+00 8.585729e-01 1.263596e+00 -0.000000e+00 0.000000e+00
1.371094e-01 0.000000e+00 8.548309e-01 1.269127e+00 -0.000000e+00 0.000000e+00
1.375000e-01 0.000000e+00 8.511214e-01 1.274658e+00 -0.000000e+00 0.000000e+00
1.378906e-01 0.000000e+00 8.471915e-01 1.280571e+00 -0.000000e+00 0.000000e+00
1.382812e-01 0.000000e+00 8.432978e-01 1.286484e+00 -0.000000e+00 0.000000e+00
1.386719e-01 0.000000e+00 8.394397e-01 1.292397e+00 -0.000000e+00 0.000000e+00
1.390625e-01 0.000000e+00 8.356167e-01 1.298310e+00 -0.000000e+00 0.000000e+00
1.394531e-01 0.000000e+00 8.318283e-01 1.304222e+00 -0.000000e+00 0.000000e+00
1.398438e-01 0.000000e+00 8.280742e-01 1.310135e+00 -0.000000e+00 0.000000e+00
1.402344e-01 0.000000e+00 8.242105e-01 1.316277e+00 -0.000000e+00 0.000000e+00
1.406250e-01 0.000000e+00 8.202880e-01 1.322571e+00 -0.000000e+00 0.000000e+00
1.410156e-01 0.000000e+00 8.164026e-01 1.328865e+00 -0.000000e+00 0.000000e+00
1.414063e-01 0.000000e+00 8.125539e-01 1.335160e+00 -0.000000e+00 0.000000e+00
1.417969e-01 0.000000e+00 8.087413e-01 1.341454e+00 -0.000000e+00 0.000000e+00
1.421875e-01 0.000000e+00 8.049643e-01 1.347748e+00 -0.000000e+00 0.000000e+00
1.425781e-01 0.000000e+00 8.011773e-01 1.354119e+00 -0.000000e+00 0.000000e+00
1.429688e-01 0.000000e+00 7.972469e-01 1.360794e+00 -0.000000e+00 0.000000e+00
1.433594e-01 0.000000e+00 7.933549e-01 1.367470e+00 -0.000000e+00 0.000000e+00
1.437500e-01 0.000000e+00 7.895007e-01 1.374146e+00 -0.000000e+00 0.000000e+00
1.441406e-01 0.000000e+00 7.856838e-01 1.380821e+00 -0.000000e+00 0.000000e+00
1.445312e-01 0.000000e+00 7.819036e-01 1.387497e+00 -0.000000e+00 0.000000e+00
1.449219e-01 0.000000e+00 7.781596e-01 1.394173e+00 -0.000000e+00 0.000000e+00
1.453125e-01 0.000000e+00 7.742826e-01 1.401154e+00 -0.000000e+00 0.000000e+00
1.457031e-01 0.000000e+00 7.704023e-01 1.408211e+00 -0.000000e+00 0.000000e+00
1.460937e-01 0.000000e+00 7.665607e-01 1.415268e+00 -0.000000e+00 0.000000e+00
1.464844e-01 0.000000e+00 7.627573e-01 1.422325e+00 -0.000000e+00 0.000000e+00
1.468750e-01 0.000000e+00 7.589913e-01 1.429383e+00 -0.000000e+00 0.000000e+00
1.472656e-01 0.000000e+00 7.552624e-01 1.436440e+00 -0.000000e+00 0.000000e+00
1.476563e-01 0.000000e+00 7.514905e-01 1.443650e+00 -0.000000e+00 0.000000e+00
1.480469e-01 0.000000e+00 7.476382e-01 1.451088e+00 -0.000000e+00 0.000000e+00
1.484375e-01 0.000000e+00 7.438251e-01 1.458527e+00 -0.000000e+00 0.000000e+00
1.488281e-01 0.000000e+00 7.400508e-01 1.465966e+00 -0.000000e+00 0.000000e+00
1.492188e-01 0.000000e+00 7.363146e-01 1.473404e+00 -0.000000e+00 0.000000e+00
1.496094e-01 0.000000e+00 7.326158e-01 1.480843e+00 -0.000000e+00 0.000000e+00
1.500000e-01 0.000000e+00 7.289541e-01 1.488282e+00 -0.000000e+00 0.000000e+00
1.503906e-01 0.000000e+00 2.169778e-03 5.000000e+02 -0.000000e+00 0.000000e+00
1.507813e-01 0.000000e+00 2.169778e-03 5.000000e+02 -0.000000e+00 0.000000e+00
1.511719e-01 0.000000e+00 2.169778e-03 5.000000e+02 -0.000000e+00 0.000000e+00
1.515625e-01 0.000000e+00 2.169778e-03 5.000000e+02 -0.000000e+00 0.000000e+00
1.519531e-01 0.000000e+00 2.169778e-03 5.000000e+02 -0.000000e+00 0.000000e+00
1.523438e-01 0.000000e+00 2.169778e-03 5.000000e+02 -0.000000e+00 0.000000e+00
1.527344e-01 0.000000e+00 2.169778e-03 5.000000e+02 -0.000000e+00 0.000000e+00
1.531250e-01 0.000000e+00 2.169778e-03 5.000000e+02 -0.000000e+00 0.000000e+00
1.535156e-01 0.000000e+00 2.169778e-03 5.000000e+02 -0.000000e+00 0.000000e+00
1.539063e-01 0.000000e+00 2.169778e-03 5.000000e+02 -0.000000e+00 0.000000e+00
1.542969e-01 0.000000e+00 2.169778e-03 5.000000e+02 -0.000000e+00 0.000000e+00
1.546875e-01 0.000000e+00 2.169778e-03 5.000000e+02 -0.000000e+00 0.000000e+00
1.550781e-01 0.000000e+00 2.169778e-03 5.000000e+02 -0.000000e+00 0.000000e+00
1.554688e-01 0.000000e+00 2.169778e-03 5.000000e+02 -0.000000e+00 0.000000e+00
1.558594e-01 0.000000e+00 2.169778e-03 5.000000e+02 -0.000000e+00 0.000000e+00
1.562500e-01 0.000000e+00 2.169778e-03 5.000000e+02 -0.000000e+00 0.000000e+00
1.566406e-01 0.000000e+00 2.169778e-03 5.000000e+02 -0.000000e+00 0.000000e+00
1.570313e-01 0.000000e+00 2.169778e-03 5.000000e+02 -0.000000e+00 0.000000e+00
1.574219e-01 0.000000e+00 2.169778e-03 5.000000e+02 -0.000000e+00 0.000000e+00
1.578125e-01 0.000000e+00 2.169778e-03 5.000000e+02 -0.000000e+00 0.000000e+00
1.582031e-01 0.000000e+00 2.169778e-03 5.000000e+02 -0.000000e+00 0.000000e+00
1.585938e-01 0.000000e+00 2.169778e-03 5.000000e+02 -0.000000e+00 0.000000e+00
1.589844e-01 0.000000e+00 2.169778e-03 5.000000e+02 -0.000000e+00 0.000000e+00
1.593750e-01 0.000000e+00 2.169778e-03 5.000000e+02 -0.000000e+00 0.000000e+00
1.597656e-01 0.000000e+00 2.169778e-03 5.000000e+02 -0.000000e+00 0.000000e+00
1.601562e-01 0.000000e+00 2.169778e-03 5.000000e+02 -0.000000e+00 0.000000e+00
1.605469e-01 0.000000e+00 2.169778e-03 5.000000e+02 -0.000000e+00 0.000000e+00
1.609375e-01 0.000000e+00 2.169778e-03 5.000000e+02 -0.000000e+00 0.000000e+00
1.613281e-01 0.000000e+00 2.169778e-03 5.000000e+02 -0.000000e+00 0.000000e+00
1.617188e-01 0.000000e+00 2.169778e-03 5.000000e+02 -0.000000e+00 0.000000e+00
1.621094e-01 0.000000e+00 2.169778e-03 5.000000e+02 -0.000000e+00 0.000000e+00
1.625000e-01 0.000000e+00 2.169778e-03 5.000000e+02 -0.000000e+00 0.000000e+00
1.628906e-01 0.000000e+00 2.169778e-03 5.000000e+02 -0.000000e+00 0.000000e+00
1.632813e-01 0.000000e+00 2.169778e-03 5.000000e+02 -0.000000e+00 0.000000e+00
1.636719e-01 0.000000e+00 2.169778e-03 5.000000e+02 -0.000000e+00 0.000000e+00
1.640625e-01 0.000000e+00 2.169778e-03 5.000000e+02 -0.000000e+00 0.000000e+00
1.644531e-01 0.000000e+00 2.169778e-03 5.000000e+02 -0.000000e+00 0.000000e+00
1.648438e-01 0.000000e+00 2.169778e-03 5.000000e+02 -0.000000e+00 0.000000e+00
1.652344e-01 0.000000e+00 2.169778e-03 5.000000e+02 -0.000000e+00 0.000000e+00
1.656250e-01 0.000000e+00 2.169778e-03 5.000000e+02 -0.000000e+00 0.000000e+00
1.660156e-01 0.000000e+00 2.169778e-03 5.000000e+02 -0.000000e+00 0.000000e+00
1.664063e-01 0.000000e+00 2.169778e-03 5.000000e+02 -0.000000e+00 0.000000e+00
1.667969e-01 0.000000e+00 2.169778e-03 5.000000e+02 -0.000000e+00 0.000000e+00
1.671875e-01 0.000000e+00 2.169778e-03 5.000000e+02 -0.000000e+00 0.000000e+00
1.675781e-01 0.000000e+00 2.169778e-03 5.000000e+02 -0.000000e+00 0.000000e+00
1.679688e-01 0.000000e+00 2.169778e-03 5.000000e+02 -0.000000e+00 0.000000e+00
1.683594e-01 0.000000e+00 2.169778e-03 5.000000e+02 -0.000000e+00 0.000000e+00
1.687500e-01 0.000000e+00 2.169778e-03 5.000000e+02 -0.000000e+00 0.000000e+00
1.691406e-01 0.000000e+00 2.169778e-03 5.000000e+02 -0.000000e+00 0.000000e+00
1.695313e-01 0.000000e+00 2.169778e-03 5.000000e+02 -0.000000e+00 0.000000e+00
1.699219e-01 0.000000e+00 2.169778e-03 5.000000e+02 -0.000000e+00 0.000000e+00
1.703125e-01 0.000000e+00 2.169778e-03 5.000000e+02 -0.000000e+00 0.000000e+00
1.707031e-01 0.000000e+00 2.169778e-03 5.000000e+02 -0.000000e+00 0.000000e+00
1.710938e-01 0.000000e+00 2.169778e-03 5.000000e+02 -0.000000e+00 0.000000e+00
1.714844e-01 0.000000e+00 2.169778e-03 5.000000e+02 -0.000000e+00 0.000000e+00
1.718750e-01 0.000000e+00 2.169778e-03 5.000000e+02 -0.000000e+00 0.000000e+00
1.722656e-01 0.000000e+00 2.169778e-03 5.000000e+02 -0.000000e+00 0.000000e+00
1.726563e-01 0.000000e+00 2.169778e-03 5.000000e+02 -0.000000e+00 0.000000e+00
1.730469e-01 0.000000e+00 2.169778e-03 5.000000e+02 -0.000000e+00 0.000000e+00
1.734375e-01 0.000000e+00 2.169778e-03 5.000000e+02 -0.000000e+00 0.000000e+00
1.738281e-01 0.000000e+00 2.169778e-03 5.000000e+02 -0.000000e+00 0.000000e+00
1.742188e-01 0.000000e+00 2.169778e-03 5.000000e+02 -0.000000e+00 0.000000e+00
1.746094e-01 0.000000e+00 2.169778e-03 5.000000e+02 -0.000000e+00 0.000000e+00
1.750000e-01 0.000000e+00 2.169778e-03 5.000000e+02 -0.000000e+00 0.000000e+00
1.753906e-01 0.000000e+00 2.169778e-03 5.000000e+02 -0.000000e+00 0.000000e+00
1.757812e-01 0.000000e+00 2.169778e-03 5.000000e+02 -0.000000e+00 0.000000e+00
1.761719e-01 0.000000e+00 2.169778e-03 5.000000e+02 -0.000000e+00 0.000000e+00
1.765625e-01 0.000000e+00 2.169778e-03 5.000000e+02 -0.000000e+00 0.000000e+00
1.769531e-01 0.000000e+00 2.169778e-03 5.000000e+02 -0.000000e+00 0.000000e+00
1.773438e-01 0.000000e+00 2.169778e-03 5.000000e+02 -0.000000e+00 0.000000e+00
1.777344e-01 0.000000e+00 2.169778e-03 5.000000e+02 -0.000000e+00 0.000000e+00
1.781250e-01 0.000000e+00 2.169778e-03 5.000000e+02 -0.000000e+00 0.000000e+00
1.785156e-01 0.000000e+00 2.169778e-03 5.000000e+02 -0.000000e+00 0.000000e+00
1.789063e-01 0.000000e+00 2.169778e-03 5.000000e+02 -0.000000e+00 0.000000e+00
1.792969e-01 0.000000e+00 2.169778e-03 5.000000e+02 -0.000000e+00 0.000000e+00
1.796875e-01 0.000000e+00 2.169778e-03 5.000000e+02 -0.000000e+00 0.000000e+00
1.800781e-01 0.000000e+00 2.169778e-03 5.000000e+02 -0.000000e+00 0.000000e+00
1.804688e-01 0.000000e+00 2.169778e-03 5.000000e+02 -0.000000e+00 0.000000e+00
1.808594e-01 0.000000e+00 2.169778e-03 5.000000e+02 -0.000000e+00 0.000000e+00
1.812500e-01 0.000000e+00 2.169778e-03 5.000000e+02 -0.000000e+00 0.000000e+00
1.816406e-01 0.000000e+00 2.169778e-03 5.000000e+02 -0.000000e+00 0.000000e+00
1.820313e-01 0.000000e+00 2.169778e-03 5.000000e+02 -0.000000e+00 0.000000e+00
1.824219e-01 0.000000e+00 2.169778e-03 5.000000e+02 -0.000000e+00 0.000000e+00
1.828125e-01 0.000000e+00 2.169778e-03 5.000000e+02 -0.000000e+00 0.000000e+00
1.832031e-01 0.000000e+00 2.169778e-03 5.000000e+02 -0.000000e+00 0.000000e+00
1.835938e-01 0.000000e+00 2.169778e-03 5.000000e+02 -0.000000e+00 0.000000e+00
1.839844e-01 0.000000e+00 2.169778e-03 5.000000e+02 -0.000000e+00 0.000000e+00
1.843750e-01 0.000000e+00 2.169778e-03 5.000000e+02 -0.000000e+00 0.000000e+00
1.847656e-01 0.000000e+00 2.169778e-03 5.000000e+02 -0.000000e+00 0.000000e+00
1.851563e-01 0.000000e+00 2.169778e-03 5.000000e+02 -0.000000e+00 0.000000e+00
1.855469e-01 0.000000e+00 2.169778e-03 5.000000e+02 -0.000000e+00 0.000000e+00
1.859375e-01 0.000000e+00 2.169778e-03 5.000000e+02 -0.000000e+00 0.000000e+00
1.863281e-01 0.000000e+00 2.169778e-03 5.000000e+02 -0.000000e+00 0.000000e+00
1.867188e-01 0.000000e+00 2.169778e-03 5.000000e+02 -0.000000e+00 0.000000e+00
1.871094e-01 0.000000e+00 2.169778e-03 5.000000e+02 -0.000000e+00 0.000000e+00
1.875000e-01 0.000000e+00 2.169778e-03 5.000000e+02 -0.000000e+00 0.000000e+00
1.878906e-01 0.000000e+00 2.169778e-03 5.000000e+02 -0.000000e+00 0.000000e+00
1.882813e-01 0.000000e+00 2.169778e-03 5.000000e+02 -0.000000e+00 0.000000e+00
1.886719e-01 0.000000e+00 2.169778e-03 5.000000e+02 -0.000000e+00 0.000000e+00
1.890625e-01 0.000000e+00 2.169778e-03 5.000000e+02 -0.000000e+00 0.000000e+00
1.894531e-01 0.000000e+00 2.169778e-03 5.000000e+02 -0.000000e+00 0.000000e+00
1.898438e-01 0.000000e+00 2.169778e-03 5.000000e+02 -0.000000e+00 0.000000e+00
1.902344e-01 0.000000e+00 2.169778e-03 5.000000e+02 -0.000000e+00 0.000000e+00
1.906250e-01 0.000000e+00 2.169778e-03 5.000000e+02 -0.000000e+00 0.000000e+00
1.910156e-01 0.000000e+00 2.169778e-03 5.000000e+02 -0.000000e+00 0.000000e+00
1.914062e-01 0.000000e+00 2.169778e-03 5.000000e+02 -0.000000e+00 0.000000e+00
1.917969e-01 0.000000e+00 2.169778e-03 5.000000e+02 -0.000000e+00 0.000000e+00
1.921875e-01 0.000000e+00 2.169778e-03 5.000000e+02 -0.000000e+00 0.000000e+00
1.925781e-01 0.000000e+00 2.169778e-03 5.000000e+02 -0.000000e+00 0.000000e+00
1.929688e-01 0.000000e+00 2.169778e-03 5.000000e+02 -0.000000e+00 0.000000e+00
1.933594e-01 0.000000e+00 2.169778e-03 5.000000e+02 -0.000000e+00 0.000000e+00
1.937500e-01 0.000000e+00 2.169778e-03 5.000000e+02 -0.000000e+00 0.000000e+00
1.941406e-01 0.000000e+00 2.169778e-03 5.000000e+02 -0.000000e+00 0.000000e+00
1.945313e-01 0.000000e+00 2.169778e-03 5.000000e+02 -0.000000e+00 0.000000e+00
1.949219e-01 0.000000e+00 2.169778e-03 5.000000e+02 -0.000000e+00 0.000000e+00
1.953125e-01 0.000000e+00 2.169778e-03 5.000000e+02 -0.000000e+00 0.000000e+00
1.957031e-01 0.000000e+00 2.169778e-03 5.000000e+02 -0.000000e+00 0.000000e+00
1.960938e-01 0.000000e+00 2.169778e-03 5.000000e+02 -0.000000e+00 0.000000e+00
1.964844e-01 0.000000e+00 2.169778e-03 5.000000e+02 -0.000000e+00 0.000000e+00
1.968750e-01 0.000000e+00 2.169778e-03 5.000000e+02 -0.000000e+00 0.000000e+00
1.972656e-01 0.000000e+00 2.169778e-03 5.000000e+02 -0.000000e+00 0.000000e+00
1.976563e-01 0.000000e+00 2.169778e-03 5.000000e+02 -0.000000e+00 0.000000e+00
1.980469e-01 0.000000e+00 2.169778e-03 5.000000e+02 -0.000000e+00 0.000000e+00
1.984375e-01 0.000000e+00 2.169778e-03 5.000000e+02 -0.000000e+00 0.000000e+00
1.988281e-01 0.000000e+00 2.169778e-03 5.000000e+02 -0.000000e+00 0.000000e+00
1.992188e-01 0.000000e+00 2.169778e-03 5.000000e+02 -0.000000e+00 0.000000e+00
1.996094e-01 0.000000e+00 2.169778e-03 5.000000e+02 -0.000000e+00 0.000000e+00
2.000000e-01 0.000000e+00 2.000000e-02 5.000000e+02 -0.000000e+00 0.000000e+00
