0.000000e+00 0.000000e+00 2.000000e-02 5.000000e+02 -0.000000e+00 0.000000e+00
3.906250e-04 0.000000e+00 2.000000e-02 5.000000e+02 -0.000000e+00 0.000000e+00
7.812500e-04 0.000000e+00 2.000000e-02 5.000000e+02 -0.000000e+00 0.000000e+00
1.171875e-03 0.000000e+00 2.000000e-02 5.000000e+02 -0.000000e+00 0.000000e+00
1.562500e-03 0.000000e+00 2.000000e-02 5.000000e+02 -0.000000e+00 0.000000e+00
1.953125e-03 0.000000e+00 2.000000e-02 5.000000e+02 -0.000000e+00 0.000000e+00
2.343750e-03 0.000000e+00 2.000000e-02 5.000000e+02 -0.000000e+00 0.000000e+00
2.734375e-03 0.000000e+00 2.000000e-02 5.000000e+02 -0.000000e+00 0.000000e+00
3.125000e-03 0.000000e+00 2.000000e-02 5.000000e+02 -0.000000e+00 0.000000e+00
3.515625e-03 0.000000e+00 2.000000e-02 5.000000e+02 -0.000000e+00 0.000000e+00
3.906250e-03 0.000000e+00 2.000000e-02 5.000000e+02 -0.000000e+00 0.000000e+00
4.296875e-03 0.000000e+00 2.000000e-02 5.000000e+02 -0.000000e+00 0.000000e+00
4.687500e-03 0.000000e+00 2.000000e-02 5.000000e+02 -0.000000e+00 0.000000e+00
5.078125e-03 0.000000e+00 2.000000e-02 5.000000e+02 -0.000000e+00 0.000000e+00
5.468750e-03 0.000000e+00 2.000000e-02 5.000000e+02 -0.000000e+00 0.000000e+00
5.859375e-03 0.000000e+00 2.000000e-02 5.000000e+02 -0.000000e+00 0.000000e+00
6.250000e-03 0.000000e+00 2.000000e-02 5.000000e+02 -0.000000e+00 0.000000e+00
6.640625e-03 0.000000e+00 2.000000e-02 5.000000e+02 -0.000000e+00 0.000000e+00
7.031250e-03 0.000000e+00 2.000000e-02 5.000000e+02 -0.000000e+00 0.000000e+00
7.421875e-03 0.000000e+00 2.000000e-02 5.000000e+02 -0.000000e+00 0.000000e+00
7.812500e-03 0.000000e+00 2.000000e-02 5.000000e+02 -0.000000e+00 0.000000e+00
8.203125e-03 0.000000e+00 2.000000e-02 5.000000e+02 -0.000000e+00 0.000000e+00
8.593750e-03 0.000000e+00 2.000000e-02 5.000000e+02 -0.000000e+00 0.000000e+00
8.984375e-03 0.000000e+00 2.000000e-02 5.000000e+02 -0.000000e+00 0.000000e+00
9.375000e-03 0.000000e+00 2.000000e-02 5.000000e+02 -0.000000e+00 0.000000e+00
9.765625e-03 0.000000e+00 2.000000e-02 5.000000e+02 -0.000000e+00 0.000000e+00
1.015625e-02 0.000000e+00 2.000000e-02 5.000000e+02 -0.000000e+00 0.000000e+00
1.054688e-02 0.000000e+00 2.000000e-02 5.000000e+02 -0.000000e+00 0.000000e+00
1.093750e-02 0.000000e+00 2.000000e-02 5.000000e+02 -0.000000e+00 0.000000e+00
1.132813e-02 0.000000e+00 2.000000e-02 5.000000e+02 -0.000000e+00 0.000000e+00
1.171875e-02 0.000000e+00 2.000000e-02 5.000000e+02 -0.000000e+00 0.000000e+00
1.210938e-02 0.000000e+00 2.000000e-02 5.000000e+02 -0.000000e+00 0.000000e+00
1.250000e-02 0.000000e+00 2.000000e-02 5.000000e+02 -0.000000e+00 0.000000e+00
1.289063e-02 0.000000e+00 2.000000e-02 5.000000e+02 -0.000000e+00 0.000000e+00
1.328125e-02 0.000000e+00 2.000000e-02 5.000000e+02 -0.000000e+00 0.000000e+00
1.367188e-02 0.000000e+00 2.000000e-02 5.000000e+02 -0.000000e+00 0.000000e+00
1.406250e-02 0.000000e+00 2.000000e-02 5.000000e+02 -0.000000e+00 0.000000e+00
1.445313e-02 0.000000e+00 2.000000e-02 5.000000e+02 -0.000000e+00 0.000000e+00
1.484375e-02 0.000000e+00 2.000000e-02 5.000000e+02 -0.000000e+00 0.000000e+00
1.523438e-02 0.000000e+00 2.000000e-02 5.000000e+02 -0.000000e+00 0.000000e+00
1.562500e-02 0.000000e+00 2.000000e-02 5.000000e+02 -0.000000e+00 0.000000e+00
1.601563e-02 0.000000e+00 2.000000e-02 5.000000e+02 -0.000000e+00 0.000000e+00
1.640625e-02 0.000000e+00 2.000000e-02 5.000000e+02 -0.000000e+00 0.000000e+00
1.679687e-02 0.000000e+00 2.000000e-02 5.000000e+02 -0.000000e+00 0.000000e+00
1.718750e-02 0.000000e+00 2.000000e-02 5.000000e+02 -0.000000e+00 0.000000e+00
1.757812e-02 0.000000e+00 2.000000e-02 5.000000e+02 -0.000000e+00 0.000000e+00
1.796875e-02 0.000000e+00 2.000000e-02 5.000000e+02 -0.000000e+00 0.000000e+00
1.835938e-02 0.000000e+00 2.000000e-02 5.000000e+02 -0.000000e+00 0.000000e+00
1.875000e-02 0.000000e+00 2.000000e-02 5.000000e+02 -0.000000e+00 0.000000e+00
1.914063e-02 0.000000e+00 2.000000e-02 5.000000e+02 -0.000000e+00 0.000000e+00
1.953125e-02 0.000000e+00 2.000000e-02 5.000000e+02 -0.000000e+00 0.000000e+00
1.992188e-02 0.000000e+00 2.000000e-02 5.000000e+02 -0.000000e+00 0.000000e+00
2.031250e-02 0.000000e+00 2.000000e-02 5.000000e+02 -0.000000e+00 0.000000e+00
2.070313e-02 0.000000e+00 2.000000e-02 5.000000e+02 -0.000000e+00 0.000000e+00
2.109375e-02 0.000000e+00 2.000000e-02 5.000000e+02 -0.000000e+00 0.000000e+00
2.148438e-02 0.000000e+00 2.000000e-02 5.000000e+02 -0.000000e+00 0.000000e+00
2.187500e-02 0.000000e+00 2.000000e-02 5.000000e+02 -0.000000e+00 0.000000e+00
2.226563e-02 0.000000e+00 2.000000e-02 5.000000e+02 -0.000000e+00 0.000000e+00
2.265625e-02 0.000000e+00 2.000000e-02 5.000000e+02 -0.000000e+00 0.000000e+00
2.304688e-02 0.000000e+00 2.000000e-02 5.000000e+02 -0.000000e+00 0.000000e+00
2.343750e-02 0.000000e+00 2.000000e-02 5.000000e+02 -0.000000e+00 0.000000e+00
2.382813e-02 0.000000e+00 2.000000e-02 5.000000e+02 -0.000000e+00 0.000000e+00
2.421875e-02 0.000000e+00 2.000000e-02 5.000000e+02 -0.000000e+00 0.000000e+00
2.460938e-02 0.000000e+00 2.000000e-02 5.000000e+02 -0.000000e+00 0.000000e+00
2.500000e-02 0.000000e+00 2.000000e-02 5.000000e+02 -0.000000e+00 0.000000e+00
2.539062e-02 0.000000e+00 2.000000e-02 5.000000e+02 -0.000000e+00 0.000000e+00
2.578125e-02 0.000000e+00 2.000000e-02 5.000000e+02 -0.000000e+00 0.000000e+00
2.617188e-02 0.000000e+00 2.000000e-02 5.000000e+02 -0.000000e+00 0.000000e+00
2.656250e-02 0.000000e+00 2.000000e-02 5.000000e+02 -0.000000e+00 0.000000e+00
2.695313e-02 0.000000e+00 2.000000e-02 5.000000e+02 -0.000000e+00 0.000000e+00
2.734375e-02 0.000000e+00 2.000000e-02 5.000000e+02 -0.000000e+00 0.000000e+00
2.773438e-02 0.000000e+00 2.000000e-02 5.000000e+02 -0.000000e+00 0.000000e+00
2.812500e-02 0.000000e+00 2.000000e-02 5.000000e+02 -0.000000e+00 0.000000e+00
2.851563e-02 0.000000e+00 2.000000e-02 5.000000e+02 -0.000000e+00 0.000000e+00
2.890625e-02 0.000000e+00 2.000000e-02 5.000000e+02 -0.000000e+00 0.000000e+00
2.929688e-02 0.000000e+00 2.000000e-02 5.000000e+02 -0.000000e+00 0.000000e+00
2.968750e-02 0.000000e+00 2.000000e-02 5.000000e+02 -0.000000e+00 0.000000e+00
3.007813e-02 0.000000e+00 2.000000e-02 5.000000e+02 -0.000000e+00 0.000000e+00
3.046875e-02 0.000000e+00 2.000000e-02 5.000000e+02 -0.000000e+00 0.000000e+00
3.085938e-02 0.000000e+00 2.000000e-02 5.000000e+02 -0.000000e+00 0.000000e+00
3.125000e-02 0.000000e+00 2.000000e-02 5.000000e+02 -0.000000e+00 0.000000e+00
3.164062e-02 0.000000e+00 2.000000e-02 5.000000e+02 -0.000000e+00 0.000000e+00
3.203125e-02 0.000000e+00 2.000000e-02 5.000000e+02 -0.000000e+00 0.000000e+00
3.242188e-02 0.000000e+00 2.000000e-02 5.000000e+02 -0.000000e+00 0.000000e+00
3.281250e-02 0.000000e+00 2.000000e-02 5.000000e+02 -0.000000e+00 0.000000e+00
3.320312e-02 0.000000e+00 2.000000e-02 5.000000e+02 -0.000000e+00 0.000000e+00
3.359375e-02 0.000000e+00 2.000000e-02 5.000000e+02 -0.000000e+00 0.000000e+00
3.398438e-02 0.000000e+00 2.000000e-02 5.000000e+02 -0.000000e+00 0.000000e+00
3.437500e-02 0.000000e+00 2.000000e-02 5.000000e+02 -0.000000e+00 0.000000e+00
3.476563e-02 0.000000e+00 2.000000e-02 5.000000e+02 -0.000000e+00 0.000000e+00
3.515625e-02 0.000000e+00 2.000000e-02 5.000000e+02 -0.000000e+00 0.000000e+00
3.554687e-02 0.000000e+00 2.000000e-02 5.000000e+02 -0.000000e+00 0.000000e+00
3.593750e-02 0.000000e+00 2.000000e-02 5.000000e+02 -0.000000e+00 0.000000e+00
3.632813e-02 0.000000e+00 2.000000e-02 5.000000e+02 -0.000000e+00 0.000000e+00
3.671875e-02 0.000000e+00 2.000000e-02 5.000000e+02 -0.000000e+00 0.000000e+00
3.710938e-02 0.000000e+00 2.000000e-02 5.000000e+02 -0.000000e+00 0.000000e+00
3.750000e-02 0.000000e+00 2.000000e-02 5.000000e+02 -0.000000e+00 0.000000e+00
3.789063e-02 0.000000e+00 2.000000e-02 5.000000e+02 -0.000000e+00 0.000000e+00
3.828125e-02 0.000000e+00 2.000000e-02 5.000000e+02 -0.000000e+00 0.000000e+00
3.867188e-02 0.000000e+00 2.000000e-02 5.000000e+02 -0.000000e+00 0.000000e+00
3.906250e-02 0.000000e+00 2.000000e-02 5.000000e+02 -0.000000e+00 0.000000e+00
3.945313e-02 0.000000e+00 2.000000e-02 5.000000e+02 -0.000000e+00 0.000000e+00
3.984375e-02 0.000000e+00 2.000000e-02 5.000000e+02 -0.000000e+00 0.000000e+00
4.023438e-02 0.000000e+00 2.000000e-02 5.000000e+02 -0.000000e+00 0.000000e+00
4.062500e-02 0.000000e+00 2.000000e-02 5.000000e+02 -0.000000e+00 0.000000e+00
4.101562e-02 0.000000e+00 2.000000e-02 5.000000e+02 -0.000000e+00 0.000000e+00
4.140625e-02 0.000000e+00 2.000000e-02 5.000000e+02 -0.000000e+00 0.000000e+00
4.179688e-02 0.000000e+00 2.000000e-02 5.000000e+02 -0.000000e+00 0.000000e+00
4.218750e-02 0.000000e+00 2.000000e-02 5.000000e+02 -0.000000e+00 0.000000e+00
4.257813e-02 0.000000e+00 2.000000e-02 5.000000e+02 -0.000000e+00 0.000000e+00
4.296875e-02 0.000000e+00 2.000000e-02 5.000000e+02 -0.000000e+00 0.000000e+00
4.335938e-02 0.000000e+00 2.000000e-02 5.000000e+02 -0.000000e+00 0.000000e+00
4.375000e-02 0.000000e+00 2.000000e-02 5.000000e+02 -0.000000e+00 0.000000e+00
4.414063e-02 0.000000e+00 2.000000e-02 5.000000e+02 -0.000000e+00 0.000000e+00
4.453125e-02 0.000000e+00 2.000000e-02 5.000000e+02 -0.000000e+00 0.000000e+00
4.492188e-02 0.000000e+00 2.000000e-02 5.000000e+02 -0.000000e+00 0.000000e+00
4.531250e-02 0.000000e+00 5.019584e-01 5.000000e+02 -0.000000e+00 0.000000e+00
4.570313e-02 7.805547e-10 1.000000e+00 5.000000e+02 -0.000000e+00 0.000000e+00
4.609375e-02 2.339299e-09 1.000000e+00 5.000000e+02 -0.000000e+00 0.000000e+00
4.648438e-02 3.898044e-09 1.000000e+00 5.000000e+02 -0.000000e+00 0.000000e+00
4.687500e-02 5.456789e-09 1.000000e+00 5.000000e+02 -0.000000e+00 0.000000e+00
4.726563e-02 7.015534e-09 1.000000e+00 5.000000e+02 -0.000000e+00 0.000000e+00
4.765625e-02 8.574279e-09 1.000000e+00 5.000000e+02 -0.000000e+00 0.000000e+00
4.804688e-02 1.013302e-08 1.000000e+00 5.000000e+02 -0.000000e+00 0.000000e+00
4.843750e-02 1.169177e-08 1.000000e+00 5.000000e+02 -0.000000e+00 0.000000e+00
4.882812e-02 1.325051e-08 1.000000e+00 5.000000e+02 -0.000000e+00 0.000000e+00
4.921875e-02 1.480926e-08 1.000000e+00 5.000000e+02 -0.000000e+00 0.000000e+00
4.960938e-02 1.636800e-08 1.000000e+00 5.000000e+02 -0.000000e+00 0.000000e+00
5.000000e-02 1.948549e-08 1.000000e+00 4.906488e+00 -0.000000e+00 0.000000e+00
5.039063e-02 1.249632e-05 1.000000e+00 4.846972e+00 -0.000000e+00 0.000000e+00
5.078125e-02 2.523336e-05 1.000000e+00 4.787456e+00 -0.000000e+00 0.000000e+00
5.117188e-02 3.823851e-05 1.000000e+00 4.727940e+00 -0.000000e+00 0.000000e+00
5.156250e-02 5.152000e-05 1.000000e+00 4.668424e+00 -0.000000e+00 0.000000e+00
5.195313e-02 6.508636e-05 1.000000e+00 4.608908e+00 -0.000000e+00 0.000000e+00
5.234375e-02 7.894645e-05 1.000000e+00 4.549391e+00 -0.000000e+00 0.000000e+00
5.273438e-02 9.310101e-05 1.000000e+00 4.491707e+00 -0.000000e+00 0.000000e+00
5.312500e-02 1.075522e-04 1.000000e+00 4.435243e+00 -0.000000e+00 0.000000e+00
5.351563e-02 1.223082e-04 1.000000e+00 4.378780e+00 -0.000000e+00 0.000000e+00
5.390625e-02 1.373785e-04 1.000000e+00 4.322317e+00 -0.000000e+00 0.000000e+00
5.429688e-02 1.527724e-04 1.000000e+00 4.265853e+00 -0.000000e+00 0.000000e+00
5.468750e-02 1.685001e-04 1.000000e+00 4.209390e+00 -0.000000e+00 0.000000e+00
5.507813e-02 1.845684e-04 1.000000e+00 4.153537e+00 -0.000000e+00 0.000000e+00
5.546875e-02 2.009731e-04 1.000000e+00 4.100126e+00 -0.000000e+00 0.000000e+00
5.585938e-02 2.177229e-04 1.000000e+00 4.046715e+00 -0.000000e+00 0.000000e+00
5.625000e-02 2.348280e-04 1.000000e+00 3.993304e+00 -0.000000e+00 0.000000e+00
5.664062e-02 2.522991e-04 1.000000e+00 3.939894e+00 -0.000000e+00 0.000000e+00
5.703125e-02 2.701472e-04 1.000000e+00 3.886483e+00 -0.000000e+00 0.000000e+00
5.742188e-02 2.883837e-04 1.000000e+00 3.833072e+00 -0.000000e+00 0.000000e+00
5.781250e-02 3.070027e-04 1.000000e+00 3.782103e+00 -0.000000e+00 0.000000e+00
5.820313e-02 3.260098e-04 1.000000e+00 3.731745e+00 -0.000000e+00 0.000000e+00
5.859375e-02 3.454158e-04 1.000000e+00 3.681387e+00 -0.000000e+00 0.000000e+00
5.898438e-02 3.652322e-04 1.000000e+00 3.631029e+00 -0.000000e+00 0.000000e+00
5.937500e-02 3.854710e-04 1.000000e+00 3.580671e+00 -0.000000e+00 0.000000e+00
5.976563e-02 4.061442e-04 1.000000e+00 3.530313e+00 -0.000000e+00 0.000000e+00
6.015625e-02 4.272537e-04 1.000000e+00 3.481176e+00 -0.000000e+00 0.000000e+00
6.054688e-02 4.487946e-04 1.000000e+00 3.433870e+00 -0.000000e+00 0.000000e+00
6.093750e-02 4.707785e-04 1.000000e+00 3.386564e+00 -0.000000e+00 0.000000e+00
6.132813e-02 4.932174e-04 1.000000e+00 3.339258e+00 -0.000000e+00 0.000000e+00
6.171875e-02 5.161234e-04 1.000000e+00 3.291953e+00 -0.000000e+00 0.000000e+00
6.210938e-02 5.395093e-04 1.000000e+00 3.244647e+00 -0.000000e+00 0.000000e+00
6.250000e-02 5.633877e-04 1.000000e+00 3.197341e+00 -0.000000e+00 0.000000e+00
6.289063e-02 5.877372e-04 1.000000e+00 3.153088e+00 -0.000000e+00 0.000000e+00
6.328125e-02 6.125705e-04 1.000000e+00 3.108834e+00 -0.000000e+00 0.000000e+00
6.367188e-02 6.378995e-04 1.000000e+00 3.064581e+00 -0.000000e+00 0.000000e+00
6.406250e-02 6.637361e-04 1.000000e+00 3.020328e+00 -0.000000e+00 0.000000e+00
6.445312e-02 6.900923e-04 1.000000e+00 2.976075e+00 -0.000000e+00 0.000000e+00
6.484375e-02 7.169802e-04 1.000000e+00 2.931821e+00 -0.000000e+00 0.000000e+00
6.523437e-02 7.443864e-04 1.000000e+00 2.889399e+00 -0.000000e+00 0.000000e+00
6.562500e-02 7.723068e-04 1.000000e+00 2.848198e+00 -0.000000e+00 0.000000e+00
6.601563e-02 8.007537e-04 1.000000e+00 2.806997e+00 -0.000000e+00 0.000000e+00
6.640625e-02 8.297373e-04 1.000000e+00 2.765796e+00 -0.000000e+00 0.000000e+00
6.679688e-02 8.592675e-04 1.000000e+00 2.724595e+00 -0.000000e+00 0.000000e+00
6.718750e-02 8.893543e-04 1.000000e+00 2.683394e+00 -0.000000e+00 0.000000e+00
6.757813e-02 9.199965e-04 1.000000e+00 2.642803e+00 -0.000000e+00 0.000000e+00
6.796875e-02 9.511617e-04 1.000000e+00 2.604654e+00 -0.000000e+00 0.000000e+00
6.835938e-02 9.828647e-04 1.000000e+00 2.566506e+00 -0.000000e+00 0.000000e+00
6.875000e-02 1.015112e-03 1.000000e+00 2.528357e+00 -0.000000e+00 0.000000e+00
6.914062e-02 1.047909e-03 1.000000e+00 2.490208e+00 -0.000000e+00 0.000000e+00
6.953125e-02 1.081262e-03 1.000000e+00 2.452060e+00 -0.000000e+00 0.000000e+00
6.992188e-02 1.115173e-03 1.000000e+00 2.413911e+00 -0.000000e+00 0.000000e+00
7.031250e-02 1.149594e-03 1.000000e+00 2.378204e+00 -0.000000e+00 0.000000e+00
7.070313e-02 1.184526e-03 1.000000e+00 2.343107e+00 -0.000000e+00 0.000000e+00
7.109375e-02 1.219975e-03 1.000000e+00 2.308010e+00 -0.000000e+00 0.000000e+00
7.148438e-02 1.255937e-03 1.000000e+00 2.272913e+00 -0.000000e+00 0.000000e+00
7.187500e-02 1.292409e-03 1.000000e+00 2.237817e+00 -0.000000e+00 0.000000e+00
7.226562e-02 1.329386e-03 1.000000e+00 2.202720e+00 -0.000000e+00 0.000000e+00
7.265625e-02 1.366828e-03 1.000000e+00 2.168844e+00 -0.000000e+00 0.000000e+00
7.304687e-02 1.404691e-03 1.000000e+00 2.136800e+00 -0.000000e+00 0.000000e+00
7.343750e-02 1.442984e-03 1.000000e+00 2.104755e+00 -0.000000e+00 0.000000e+00
7.382813e-02 1.481693e-03 1.000000e+00 2.072711e+00 -0.000000e+00 0.000000e+00
7.421875e-02 1.520801e-03 1.000000e+00 2.040666e+00 -0.000000e+00 0.000000e+00
7.460938e-02 1.560287e-03 1.000000e+00 2.008622e+00 -0.000000e+00 0.000000e+00
7.500000e-02 1.600127e-03 1.000000e+00 1.976577e+00 -0.000000e+00 0.000000e+00
7.539063e-02 1.640200e-03 1.000000e+00 1.947585e+00 -0.000000e+00 0.000000e+00
7.578125e-02 1.680535e-03 1.000000e+00 1.918592e+00 -0.000000e+00 0.000000e+00
7.617188e-02 1.721100e-03 1.000000e+00 1.889600e+00 -0.000000e+00 0.000000e+00
7.656250e-02 1.761858e-03 1.000000e+00 1.860607e+00 -0.000000e+00 0.000000e+00
7.695313e-02 1.802767e-03 1.000000e+00 1.831615e+00 -0.000000e+00 0.000000e+00
7.734375e-02 1.843778e-03 1.000000e+00 1.802622e+00 -0.000000e+00 0.000000e+00
7.773438e-02 1.884774e-03 1.000000e+00 1.775461e+00 -0.000000e+00 0.000000e+00
7.812500e-02 1.925713e-03 1.000000e+00 1.749521e+00 -0.000000e+00 0.000000e+00
7.851563e-02 1.966580e-03 1.000000e+00 1.723580e+00 -0.000000e+00 0.000000e+00
7.890625e-02 2.007310e-03 1.000000e+00 1.697640e+00 -0.000000e+00 0.000000e+00
7.929688e-02 2.047832e-03 1.000000e+00 1.671699e+00 -0.000000e+00 0.000000e+00
7.968750e-02 2.088064e-03 1.000000e+00 1.645759e+00 -0.000000e+00 0.000000e+00
8.007812e-02 2.127895e-03 1.000000e+00 1.620428e+00 -0.000000e+00 0.000000e+00
8.046875e-02 2.167169e-03 1.000000e+00 1.597540e+00 -0.000000e+00 0.000000e+00
8.085938e-02 2.205928e-03 1.000000e+00 1.574651e+00 -0.000000e+00 0.000000e+00
8.125000e-02 2.244074e-03 1.000000e+00 1.551763e+00 -0.000000e+00 0.000000e+00
8.164063e-02 2.281500e-03 1.000000e+00 1.528874e+00 -0.000000e+00 0.000000e+00
8.203125e-02 2.318086e-03 1.000000e+00 1.505985e+00 -0.000000e+00 0.000000e+00
8.242188e-02 2.353701e-03 1.000000e+00 1.483097e+00 -0.000000e+00 0.000000e+00
8.281250e-02 2.388114e-03 1.000000e+00 1.462650e+00 -0.000000e+00 0.000000e+00
8.320313e-02 2.421374e-03 1.000000e+00 1.442813e+00 -0.000000e+00 0.000000e+00
8.359375e-02 2.453401e-03 1.000000e+00 1.422976e+00 -0.000000e+00 0.000000e+00
8.398438e-02 2.484050e-03 1.000000e+00 1.403140e+00 -0.000000e+00 0.000000e+00
8.437500e-02 2.513162e-03 1.000000e+00 1.383303e+00 -0.000000e+00 0.000000e+00
8.476563e-02 2.540562e-03 1.000000e+00 1.363466e+00 -0.000000e+00 0.000000e+00
8.515625e-02 2.566027e-03 1.000000e+00 1.344850e+00 -0.000000e+00 0.000000e+00
8.554688e-02 2.589472e-03 1.000000e+00 1.328066e+00 -0.000000e+00 0.000000e+00
8.593750e-02 2.610970e-03 1.000000e+00 1.311281e+00 -0.000000e+00 0.000000e+00
8.632813e-02 2.630345e-03 1.000000e+00 1.294496e+00 -0.000000e+00 0.000000e+00
8.671875e-02 2.647407e-03 1.000000e+00 1.277711e+00 -0.000000e+00 0.000000e+00
8.710938e-02 2.661950e-03 1.000000e+00 1.260926e+00 -0.000000e+00 0.000000e+00
8.750000e-02 2.673748e-03 1.000000e+00 1.244142e+00 -0.000000e+00 0.000000e+00
8.789062e-02 2.682528e-03 1.000000e+00 1.230409e+00 -0.000000e+00 0.000000e+00
8.828125e-02 2.688678e-03 1.000000e+00 1.216676e+00 -0.000000e+00 0.000000e+00
8.867188e-02 2.692011e-03 1.000000e+00 1.202943e+00 -0.000000e+00 0.000000e+00
8.906250e-02 2.692325e-03 1.000000e+00 1.189210e+00 -0.000000e+00 0.000000e+00
8.945313e-02 2.689405e-03 1.000000e+00 1.175477e+00 -0.000000e+00 0.000000e+00
8.984375e-02 2.683020e-03 1.000000e+00 1.161744e+00 -0.000000e+00 0.000000e+00
9.023438e-02 2.672946e-03 1.000000e+00 1.149842e+00 -0.000000e+00 0.000000e+00
9.062500e-02 2.659470e-03 1.000000e+00 1.139160e+00 -0.000000e+00 0.000000e+00
9.101563e-02 2.642746e-03 1.000000e+00 1.128479e+00 -0.000000e+00 0.000000e+00
9.140625e-02 2.622597e-03 1.000000e+00 1.117798e+00 -0.000000e+00 0.000000e+00
9.179688e-02 2.598831e-03 1.000000e+00 1.107117e+00 -0.000000e+00 0.000000e+00
9.218750e-02 2.571247e-03 1.000000e+00 1.096436e+00 -0.000000e+00 0.000000e+00
9.257813e-02 2.539660e-03 1.000000e+00 1.086365e+00 -0.000000e+00 0.000000e+00
9.296875e-02 2.504191e-03 1.000000e+00 1.078735e+00 -0.000000e+00 0.000000e+00
9.335938e-02 2.465561e-03 1.000000e+00 1.071106e+00 -0.000000e+00 0.000000e+00
9.375000e-02 2.423646e-03 1.000000e+00 1.063477e+00 -0.000000e+00 0.000000e+00
9.414063e-02 2.378314e-03 1.000000e+00 1.055847e+00 -0.000000e+00 0.000000e+00
9.453125e-02 2.329430e-03 1.000000e+00 1.048218e+00 -0.000000e+00 0.000000e+00
9.492188e-02 2.276850e-03 1.000000e+00 1.040588e+00 -0.000000e+00 0.000000e+00
9.531250e-02 2.220625e-03 1.000000e+00 1.035400e+00 -0.000000e+00 0.000000e+00
9.570312e-02 2.161760e-03 1.000000e+00 1.030823e+00 -0.000000e+00 0.000000e+00
9.609375e-02 2.100463e-03 1.000000e+00 1.026245e+00 -0.000000e+00 0.000000e+00
9.648438e-02 2.036675e-03 1.000000e+00 1.021667e+00 -0.000000e+00 0.000000e+00
9.687500e-02 1.970335e-03 1.000000e+00 1.017090e+00 -0.000000e+00 0.000000e+00
9.726563e-02 1.901382e-03 1.000000e+00 1.012512e+00 -0.000000e+00 0.000000e+00
9.765625e-02 1.829883e-03 1.000000e+00 1.009155e+00 -0.000000e+00 0.000000e+00
9.804688e-02 1.756584e-03 1.000000e+00 1.007629e+00 -0.000000e+00 0.000000e+00
9.843750e-02 1.682367e-03 1.000000e+00 1.006104e+00 -0.000000e+00 0.000000e+00
9.882813e-02 1.607225e-03 1.000000e+00 1.004578e+00 -0.000000e+00 0.000000e+00
9.921875e-02 1.531150e-03 1.000000e+00 1.003052e+00 -0.000000e+00 0.000000e+00
9.960938e-02 1.454136e-03 1.000000e+00 1.001526e+00 -0.000000e+00 0.000000e+00
1.000000e-01 1.376174e-03 1.000000e+00 1.000000e+00 -0.000000e+00 0.000000e+00
1.003906e-01 1.297617e-03 1.000000e+00 1.001526e+00 -0.000000e+00 0.000000e+00
1.007813e-01 1.220011e-03 1.000000e+00 1.003052e+00 -0.000000e+00 0.000000e+00
1.011719e-01 1.143347e-03 1.000000e+00 1.004578e+00 -0.000000e+00 0.000000e+00
1.015625e-01 1.067618e-03 1.000000e+00 1.006104e+00 -0.000000e+00 0.000000e+00
1.019531e-01 9.928174e-04 1.000000e+00 1.007629e+00 -0.000000e+00 0.000000e+00
1.023438e-01 9.189368e-04 1.000000e+00 1.009155e+00 -0.000000e+00 0.000000e+00
1.027344e-01 8.461678e-04 1.000000e+00 1.012512e+00 -0.000000e+00 0.000000e+00
1.031250e-01 7.755042e-04 1.000000e+00 1.017090e+00 -0.000000e+00 0.000000e+00
1.035156e-01 7.074763e-04 1.000000e+00 1.021667e+00 -0.000000e+00 0.000000e+00
1.039063e-01 6.420222e-04 1.000000e+00 1.026245e+00 -0.000000e+00 0.000000e+00
1.042969e-01 5.790816e-04 1.000000e+00 1.030823e+00 -0.000000e+00 0.000000e+00
1.046875e-01 5.185955e-04 1.000000e+00 1.035400e+00 -0.000000e+00 0.000000e+00
1.050781e-01 4.605581e-04 1.000000e+00 1.040588e+00 -0.000000e+00 0.000000e+00
1.054688e-01 4.053627e-04 1.000000e+00 1.048218e+00 -0.000000e+00 0.000000e+00
1.058594e-01 3.539188e-04 1.000000e+00 1.055847e+00 -0.000000e+00 0.000000e+00
1.062500e-01 3.060826e-04 1.000000e+00 1.063477e+00 -0.000000e+00 0.000000e+00
1.066406e-01 2.617162e-04 1.000000e+00 1.071106e+00 -0.000000e+00 0.000000e+00
1.070313e-01 2.206871e-04 1.000000e+00 1.078735e+00 -0.000000e+00 0.000000e+00
1.074219e-01 1.828685e-04 1.000000e+00 1.086365e+00 -0.000000e+00 0.000000e+00
1.078125e-01 1.482557e-04 1.000000e+00 1.096436e+00 -0.000000e+00 0.000000e+00
1.082031e-01 1.175530e-04 1.000000e+00 1.107117e+00 -0.000000e+00 0.000000e+00
1.085938e-01 9.075656e-05 1.000000e+00 1.117798e+00 -0.000000e+00 0.000000e+00
1.089844e-01 6.766211e-05 1.000000e+00 1.128479e+00 -0.000000e+00 0.000000e+00
1.093750e-01 4.807651e-05 1.000000e+00 1.139160e+00 -0.000000e+00 0.000000e+00
1.097656e-01 3.181707e-05 1.000000e+00 1.149842e+00 -0.000000e+00 0.000000e+00
1.101563e-01 1.873189e-05 1.000000e+00 1.161744e+00 -0.000000e+00 0.000000e+00
1.105469e-01 8.985744e-06 1.000000e+00 1.175477e+00 -0.000000e+00 0.000000e+00
1.109375e-01 2.820526e-06 1.000000e+00 1.189210e+00 -0.000000e+00 0.000000e+00
1.113281e-01 0.000000e+00 9.988556e-01 1.202943e+00 -0.000000e+00 0.000000e+00
1.117188e-01 0.000000e+00 9.875812e-01 1.216676e+00 -0.000000e+00 0.000000e+00
1.121094e-01 0.000000e+00 9.765585e-01 1.230409e+00 -0.000000e+00 0.000000e+00
1.125000e-01 0.000000e+00 9.657791e-01 1.244142e+00 -0.000000e+00 0.000000e+00
1.128906e-01 0.000000e+00 9.529231e-01 1.260926e+00 -0.000000e+00 0.000000e+00
1.132812e-01 0.000000e+00 9.404049e-01 1.277711e+00 -0.000000e+00 0.000000e+00
1.136719e-01 0.000000e+00 9.282114e-01 1.294496e+00 -0.000000e+00 0.000000e+00
1.140625e-01 0.000000e+00 9.163300e-01 1.311281e+00 -0.000000e+00 0.000000e+00
1.144531e-01 0.000000e+00 9.047489e-01 1.328066e+00 -0.000000e+00 0.000000e+00
1.148438e-01 0.000000e+00 8.934569e-01 1.344850e+00 -0.000000e+00 0.000000e+00
1.152344e-01 0.000000e+00 8.812582e-01 1.363466e+00 -0.000000e+00 0.000000e+00
1.156250e-01 0.000000e+00 8.686209e-01 1.383303e+00 -0.000000e+00 0.000000e+00
1.160156e-01 0.000000e+00 8.563408e-01 1.403140e+00 -0.000000e+00 0.000000e+00
1.164063e-01 0.000000e+00 8.444032e-01 1.422976e+00 -0.000000e+00 0.000000e+00
1.167969e-01 0.000000e+00 8.327938e-01 1.442813e+00 -0.000000e+00 0.000000e+00
1.171875e-01 0.000000e+00 8.214994e-01 1.462650e+00 -0.000000e+00 0.000000e+00
1.175781e-01 0.000000e+00 8.101736e-01 1.483097e+00 -0.000000e+00 0.000000e+00
1.179688e-01 0.000000e+00 7.978602e-01 1.505985e+00 -0.000000e+00 0.000000e+00
1.183594e-01 0.000000e+00 7.859155e-01 1.528874e+00 -0.000000e+00 0.000000e+00
1.187500e-01 0.000000e+00 7.743233e-01 1.551763e+00 -0.000000e+00 0.000000e+00
1.191406e-01 0.000000e+00 7.630680e-01 1.574651e+00 -0.000000e+00 0.000000e+00
1.195313e-01 0.000000e+00 7.521352e-01 1.597540e+00 -0.000000e+00 0.000000e+00
1.199219e-01 0.000000e+00 7.415113e-01 1.620428e+00 -0.000000e+00 0.000000e+00
1.203125e-01 0.000000e+00 7.300985e-01 1.645759e+00 -0.000000e+00 0.000000e+00
1.207031e-01 0.000000e+00 7.187693e-01 1.671699e+00 -0.000000e+00 0.000000e+00
1.210938e-01 0.000000e+00 7.077862e-01 1.697640e+00 -0.000000e+00 0.000000e+00
1.214844e-01 0.000000e+00 6.971338e-01 1.723580e+00 -0.000000e+00 0.000000e+00
1.218750e-01 0.000000e+00 6.867972e-01 1.749521e+00 -0.000000e+00 0.000000e+00
1.222656e-01 0.000000e+00 6.767627e-01 1.775461e+00 -0.000000e+00 0.000000e+00
1.226563e-01 0.000000e+00 6.665655e-01 1.802622e+00 -0.000000e+00 0.000000e+00
1.230469e-01 0.000000e+00 6.560145e-01 1.831615e+00 -0.000000e+00 0.000000e+00
1.234375e-01 0.000000e+00 6.457923e-01 1.860607e+00 -0.000000e+00 0.000000e+00
1.238281e-01 0.000000e+00 6.358838e-01 1.889600e+00 -0.000000e+00 0.000000e+00
1.242188e-01 0.000000e+00 6.262747e-01 1.918592e+00 -0.000000e+00 0.000000e+00
1.246094e-01 0.000000e+00 6.169517e-01 1.947585e+00 -0.000000e+00 0.000000e+00
1.250000e-01 0.000000e+00 6.079023e-01 1.976577e+00 -0.000000e+00 0.000000e+00
1.253906e-01 0.000000e+00 5.982041e-01 2.008622e+00 -0.000000e+00 0.000000e+00
1.257813e-01 0.000000e+00 5.888106e-01 2.040666e+00 -0.000000e+00 0.000000e+00
1.261719e-01 0.000000e+00 5.797074e-01 2.072711e+00 -0.000000e+00 0.000000e+00
1.265625e-01 0.000000e+00 5.708815e-01 2.104755e+00 -0.000000e+00 0.000000e+00
1.269531e-01 0.000000e+00 5.623203e-01 2.136800e+00 -0.000000e+00 0.000000e+00
1.273438e-01 0.000000e+00 5.540121e-01 2.168844e+00 -0.000000e+00 0.000000e+00
1.277344e-01 0.000000e+00 5.454919e-01 2.202720e+00 -0.000000e+00 0.000000e+00
1.281250e-01 0.000000e+00 5.369367e-01 2.237817e+00 -0.000000e+00 0.000000e+00
1.285156e-01 0.000000e+00 5.286457e-01 2.272913e+00 -0.000000e+00 0.000000e+00
1.289062e-01 0.000000e+00 5.206068e-01 2.308010e+00 -0.000000e+00 0.000000e+00
1.292969e-01 0.000000e+00 5.128088e-01 2.343107e+00 -0.000000e+00 0.000000e+00
1.296875e-01 0.000000e+00 5.052410e-01 2.378204e+00 -0.000000e+00 0.000000e+00
1.300781e-01 0.000000e+00 4.977673e-01 2.413911e+00 -0.000000e+00 0.000000e+00
1.304687e-01 0.000000e+00 4.900231e-01 2.452059e+00 -0.000000e+00 0.000000e+00
1.308594e-01 0.000000e+00 4.825162e-01 2.490208e+00 -0.000000e+00 0.000000e+00
1.312500e-01 0.000000e+00 4.752358e-01 2.528357e+00 -0.000000e+00 0.000000e+00
1.316406e-01 0.000000e+00 4.681719e-01 2.566506e+00 -0.000000e+00 0.000000e+00
1.320313e-01 0.000000e+00 4.613149e-01 2.604655e+00 -0.000000e+00 0.000000e+00
1.324219e-01 0.000000e+00 4.546558e-01 2.642803e+00 -0.000000e+00 0.000000e+00
1.328125e-01 0.000000e+00 4.477784e-01 2.683394e+00 -0.000000e+00 0.000000e+00
1.332031e-01 0.000000e+00 4.410072e-01 2.724595e+00 -0.000000e+00 0.000000e+00
1.335938e-01 0.000000e+00 4.344376e-01 2.765796e+00 -0.000000e+00 0.000000e+00
1.339844e-01 0.000000e+00 4.280609e-01 2.806997e+00 -0.000000e+00 0.000000e+00
1.343750e-01 0.000000e+00 4.218688e-01 2.848198e+00 -0.000000e+00 0.000000e+00
1.347656e-01 0.000000e+00 4.158532e-01 2.889399e+00 -0.000000e+00 0.000000e+00
1.351563e-01 0.000000e+00 4.098360e-01 2.931821e+00 -0.000000e+00 0.000000e+00
1.355469e-01 0.000000e+00 4.037418e-01 2.976075e+00 -0.000000e+00 0.000000e+00
1.359375e-01 0.000000e+00 3.978263e-01 3.020328e+00 -0.000000e+00 0.000000e+00
1.363281e-01 0.000000e+00 3.920816e-01 3.064581e+00 -0.000000e+00 0.000000e+00
1.367188e-01 0.000000e+00 3.865004e-01 3.108834e+00 -0.000000e+00 0.000000e+00
1.371094e-01 0.000000e+00 3.810759e-01 3.153088e+00 -0.000000e+00 0.000000e+00
1.375000e-01 0.000000e+00 3.758016e-01 3.197341e+00 -0.000000e+00 0.000000e+00
1.378906e-01 0.000000e+00 3.703225e-01 3.244647e+00 -0.000000e+00 0.000000e+00
1.382812e-01 0.000000e+00 3.650010e-01 3.291953e+00 -0.000000e+00 0.000000e+00
1.386719e-01 0.000000e+00 3.598302e-01 3.339258e+00 -0.000000e+00 0.000000e+00
1.390625e-01 0.000000e+00 3.548038e-01 3.386564e+00 -0.000000e+00 0.000000e+00
1.394531e-01 0.000000e+00 3.499159e-01 3.433870e+00 -0.000000e+00 0.000000e+00
1.398438e-01 0.000000e+00 3.451609e-01 3.481176e+00 -0.000000e+00 0.000000e+00
1.402344e-01 0.000000e+00 3.403568e-01 3.530313e+00 -0.000000e+00 0.000000e+00
1.406250e-01 0.000000e+00 3.355700e-01 3.580671e+00 -0.000000e+00 0.000000e+00
1.410156e-01 0.000000e+00 3.309161e-01 3.631029e+00 -0.000000e+00 0.000000e+00
1.414063e-01 0.000000e+00 3.263894e-01 3.681387e+00 -0.000000e+00 0.000000e+00
1.417969e-01 0.000000e+00 3.219849e-01 3.731745e+00 -0.000000e+00 0.000000e+00
1.421875e-01 0.000000e+00 3.176978e-01 3.782104e+00 -0.000000e+00 0.000000e+00
1.425781e-01 0.000000e+00 3.134733e-01 3.833072e+00 -0.000000e+00 0.000000e+00
1.429688e-01 0.000000e+00 3.091653e-01 3.886483e+00 -0.000000e+00 0.000000e+00
1.433594e-01 0.000000e+00 3.049742e-01 3.939894e+00 -0.000000e+00 0.000000e+00
1.437500e-01 0.000000e+00 3.008951e-01 3.993305e+00 -0.000000e+00 0.000000e+00
1.441406e-01 0.000000e+00 2.969237e-01 4.046715e+00 -0.000000e+00 0.000000e+00
1.445312e-01 0.000000e+00 2.930558e-01 4.100126e+00 -0.000000e+00 0.000000e+00
1.449219e-01 0.000000e+00 2.892874e-01 4.153537e+00 -0.000000e+00 0.000000e+00
1.453125e-01 0.000000e+00 2.854489e-01 4.209390e+00 -0.000000e+00 0.000000e+00
1.457031e-01 0.000000e+00 2.816707e-01 4.265853e+00 -0.000000e+00 0.000000e+00
1.460937e-01 0.000000e+00 2.779912e-01 4.322317e+00 -0.000000e+00 0.000000e+00
1.464844e-01 0.000000e+00 2.744065e-01 4.378780e+00 -0.000000e+00 0.000000e+00
1.468750e-01 0.000000e+00 2.709132e-01 4.435244e+00 -0.000000e+00 0.000000e+00
1.472656e-01 0.000000e+00 2.675076e-01 4.491707e+00 -0.000000e+00 0.000000e+00
1.476563e-01 0.000000e+00 2.641157e-01 4.549391e+00 -0.000000e+00 0.000000e+00
1.480469e-01 0.000000e+00 2.607051e-01 4.608908e+00 -0.000000e+00 0.000000e+00
1.484375e-01 0.000000e+00 2.573815e-01 4.668424e+00 -0.000000e+00 0.000000e+00
1.488281e-01 0.000000e+00 2.541415e-01 4.727940e+00 -0.000000e+00 0.000000e+00
1.492188e-01 0.000000e+00 2.509821e-01 4.787456e+00 -0.000000e+00 0.000000e+00
1.496094e-01 0.000000e+00 2.479003e-01 4.846972e+00 -0.000000e+00 0.000000e+00
1.500000e-01 0.000000e+00 2.448933e-01 4.906488e+00 -0.000000e+00 0.000000e+00
1.503906e-01 0.000000e+00 2.403132e-03 5.000000e+02 -0.000000e+00 0.000000e+00
1.507813e-01 0.000000e+00 2.403132e-03 5.000000e+02 -0.000000e+00 0.000000e+00
1.511719e-01 0.000000e+00 2.403132e-03 5.000000e+02 -0.000000e+00 0.000000e+00
1.515625e-01 0.000000e+00 2.403132e-03 5.000000e+02 -0.000000e+00 0.000000e+00
1.519531e-01 0.000000e+00 2.403132e-03 5.000000e+02 -0.000000e+00 0.000000e+00
1.523438e-01 0.000000e+00 2.403132e-03 5.000000e+02 -0.000000e+00 0.000000e+00
1.527344e-01 0.000000e+00 2.403132e-03 5.000000e+02 -0.000000e+00 0.000000e+00
1.531250e-01 0.000000e+00 2.403132e-03 5.000000e+02 -0.000000e+00 0.000000e+00
1.535156e-01 0.000000e+00 2.403132e-03 5.000000e+02 -0.000000e+00 0.000000e+00
1.539063e-01 0.000000e+00 2.403132e-03 5.000000e+02 -0.000000e+00 0.000000e+00
1.542969e-01 0.000000e+00 2.403132e-03 5.000000e+02 -0.000000e+00 0.000000e+00
1.546875e-01 0.000000e+00 2.403132e-03 5.000000e+02 -0.000000e+00 0.000000e+00
1.550781e-01 0.000000e+00 2.403132e-03 5.000000e+02 -0.000000e+00 0.000000e+00
1.554688e-01 0.000000e+00 2.403132e-03 5.000000e+02 -0.000000e+00 0.000000e+00
1.558594e-01 0.000000e+00 2.403132e-03 5.000000e+02 -0.000000e+00 0.000000e+00
1.562500e-01 0.000000e+00 2.403132e-03 5.000000e+02 -0.000000e+00 0.000000e+00
1.566406e-01 0.000000e+00 2.403132e-03 5.000000e+02 -0.000000e+00 0.000000e+00
1.570313e-01 0.000000e+00 2.403132e-03 5.000000e+02 -0.000000e+00 0.000000e+00
1.574219e-01 0.000000e+00 2.403132e-03 5.000000e+02 -0.000000e+00 0.000000e+00
1.578125e-01 0.000000e+00 2.403132e-03 5.000000e+02 -0.000000e+00 0.000000e+00
1.582031e-01 0.000000e+00 2.403132e-03 5.000000e+02 -0.000000e+00 0.000000e+00
1.585938e-01 0.000000e+00 2.403132e-03 5.000000e+02 -0.000000e+00 0.000000e+00
1.589844e-01 0.000000e+00 2.403132e-03 5.000000e+02 -0.000000e+00 0.000000e+00
1.593750e-01 0.000000e+00 2.403132e-03 5.000000e+02 -0.000000e+00 0.000000e+00
1.597656e-01 0.000000e+00 2.403132e-03 5.000000e+02 -0.000000e+00 0.000000e+00
1.601562e-01 0.000000e+00 2.403132e-03 5.000000e+02 -0.000000e+00 0.000000e+00
1.605469e-01 0.000000e+00 2.403132e-03 5.000000e+02 -0.000000e+00 0.000000e+00
1.609375e-01 0.000000e+00 2.403132e-03 5.000000e+02 -0.000000e+00 0.000000e+00
1.613281e-01 0.000000e+00 2.403132e-03 5.000000e+02 -0.000000e+00 0.000000e+00
1.617188e-01 0.000000e+00 2.403132e-03 5.000000e+02 -0.000000e+00 0.000000e+00
1.621094e-01 0.000000e+00 2.403132e-03 5.000000e+02 -0.000000e+00 0.000000e+00
1.625000e-01 0.000000e+00 2.403132e-03 5.000000e+02 -0.000000e+00 0.000000e+00
1.628906e-01 0.000000e+00 2.403132e-03 5.000000e+02 -0.000000e+00 0.000000e+00
1.632813e-01 0.000000e+00 2.403132e-03 5.000000e+02 -0.000000e+00 0.000000e+00
1.636719e-01 0.000000e+00 2.403132e-03 5.000000e+02 -0.000000e+00 0.000000e+00
1.640625e-01 0.000000e+00 2.403132e-03 5.000000e+02 -0.000000e+00 0.000000e+00
1.644531e-01 0.000000e+00 2.403132e-03 5.000000e+02 -0.000000e+00 0.000000e+00
1.648438e-01 0.000000e+00 2.403132e-03 5.000000e+02 -0.000000e+00 0.000000e+00
1.652344e-01 0.000000e+00 2.403132e-03 5.000000e+02 -0.000000e+00 0.000000e+00
1.656250e-01 0.000000e+00 2.403132e-03 5.000000e+02 -0.000000e+00 0.000000e+00
1.660156e-01 0.000000e+00 2.403132e-03 5.000000e+02 -0.000000e+00 0.000000e+00
1.664063e-01 0.000000e+00 2.403132e-03 5.000000e+02 -0.000000e+00 0.000000e+00
1.667969e-01 0.000000e+00 2.403132e-03 5.000000e+02 -0.000000e+00 0.000000e+00
1.671875e-01 0.000000e+00 2.403132e-03 5.000000e+02 -0.000000e+00 0.000000e+00
1.675781e-01 0.000000e+00 2.403132e-03 5.000000e+02 -0.000000e+00 0.000000e+00
1.679688e-01 0.000000e+00 2.403132e-03 5.000000e+02 -0.000000e+00 0.000000e+00
1.683594e-01 0.000000e+00 2.403132e-03 5.000000e+02 -0.000000e+00 0.000000e+00
1.687500e-01 0.000000e+00 2.403132e-03 5.000000e+02 -0.000000e+00 0.000000e+00
1.691406e-01 0.000000e+00 2.403132e-03 5.000000e+02 -0.000000e+00 0.000000e+00
1.695313e-01 0.000000e+00 2.403132e-03 5.000000e+02 -0.000000e+00 0.000000e+00
1.699219e-01 0.000000e+00 2.403132e-03 5.000000e+02 -0.000000e+00 0.000000e+00
1.703125e-01 0.000000e+00 2.403132e-03 5.000000e+02 -0.000000e+00 0.000000e+00
1.707031e-01 0.000000e+00 2.403132e-03 5.000000e+02 -0.000000e+00 0.000000e+00
1.710938e-01 0.000000e+00 2.403132e-03 5.000000e+02 -0.000000e+00 0.000000e+00
1.714844e-01 0.000000e+00 2.403131e-03 5.000000e+02 -0.000000e+00 0.000000e+00
1.718750e-01 0.000000e+00 2.403131e-03 5.000000e+02 -0.000000e+00 0.000000e+00
1.722656e-01 0.000000e+00 2.403131e-03 5.000000e+02 -0.000000e+00 0.000000e+00
1.726563e-01 0.000000e+00 2.403131e-03 5.000000e+02 -0.000000e+00 0.000000e+00
1.730469e-01 0.000000e+00 2.403131e-03 5.000000e+02 -0.000000e+00 0.000000e+00
1.734375e-01 0.000000e+00 2.403131e-03 5.000000e+02 -0.000000e+00 0.000000e+00
1.738281e-01 0.000000e+00 2.403131e-03 5.000000e+02 -0.000000e+00 0.000000e+00
1.742188e-01 0.000000e+00 2.403131e-03 5.000000e+02 -0.000000e+00 0.000000e+00
1.746094e-01 0.000000e+00 2.403131e-03 5.000000e+02 -0.000000e+00 0.000000e+00
1.750000e-01 0.000000e+00 2.403131e-03 5.000000e+02 -0.000000e+00 0.000000e+00
1.753906e-01 0.000000e+00 2.403131e-03 5.000000e+02 -0.000000e+00 0.000000e+00
1.757812e-01 0.000000e+00 2.403131e-03 5.000000e+02 -0.000000e+00 0.000000e+00
1.761719e-01 0.000000e+00 2.403131e-03 5.000000e+02 -0.000000e+00 0.000000e+00
1.765625e-01 0.000000e+00 2.403131e-03 5.000000e+02 -0.000000e+00 0.000000e+00
1.769531e-01 0.000000e+00 2.403131e-03 5.000000e+02 -0.000000e+00 0.000000e+00
1.773438e-01 0.000000e+00 2.403131e-03 5.000000e+02 -0.000000e+00 0.000000e+00
1.777344e-01 0.000000e+00 2.403131e-03 5.000000e+02 -0.000000e+00 0.000000e+00
1.781250e-01 0.000000e+00 2.403131e-03 5.000000e+02 -0.000000e+00 0.000000e+00
1.785156e-01 0.000000e+00 2.403131e-03 5.000000e+02 -0.000000e+00 0.000000e+00
1.789063e-01 0.000000e+00 2.403131e-03 5.000000e+02 -0.000000e+00 0.000000e+00
1.792969e-01 0.000000e+00 2.403131e-03 5.000000e+02 -0.000000e+00 0.000000e+00
1.796875e-01 0.000000e+00 2.403131e-03 5.000000e+02 -0.000000e+00 0.000000e+00
1.800781e-01 0.000000e+00 2.403131e-03 5.000000e+02 -0.000000e+00 0.000000e+00
1.804688e-01 0.000000e+00 2.403131e-03 5.000000e+02 -0.000000e+00 0.000000e+00
1.808594e-01 0.000000e+00 2.403131e-03 5.000000e+02 -0.000000e+00 0.000000e+00
1.812500e-01 0.000000e+00 2.403131e-03 5.000000e+02 -0.000000e+00 0.000000e+00
1.816406e-01 0.000000e+00 2.403131e-03 5.000000e+02 -0.000000e+00 0.000000e+00
1.820313e-01 0.000000e+00 2.403131e-03 5.000000e+02 -0.000000e+00 0.000000e+00
1.824219e-01 0.000000e+00 2.403131e-03 5.000000e+02 -0.000000e+00 0.000000e+00
1.828125e-01 0.000000e+00 2.403131e-03 5.000000e+02 -0.000000e+00 0.000000e+00
1.832031e-01 0.000000e+00 2.403131e-03 5.000000e+02 -0.000000e+00 0.000000e+00
1.835938e-01 0.000000e+00 2.403131e-03 5.000000e+02 -0.000000e+00 0.000000e+00
1.839844e-01 0.000000e+00 2.403131e-03 5.000000e+02 -0.000000e+00 0.000000e+00
1.843750e-01 0.000000e+00 2.403131e-03 5.000000e+02 -0.000000e+00 0.000000e+00
1.847656e-01 0.000000e+00 2.403131e-03 5.000000e+02 -0.000000e+00 0.000000e+00
1.851563e-01 0.000000e+00 2.403131e-03 5.000000e+02 -0.000000e+00 0.000000e+00
1.855469e-01 0.000000e+00 2.403131e-03 5.000000e+02 -0.000000e+00 0.000000e+00
1.859375e-01 0.000000e+00 2.403131e-03 5.000000e+02 -0.000000e+00 0.000000e+00
1.863281e-01 0.000000e+00 2.403131e-03 5.000000e+02 -0.000000e+00 0.000000e+00
1.867188e-01 0.000000e+00 2.403131e-03 5.000000e+02 -0.000000e+00 0.000000e+00
1.871094e-01 0.000000e+00 2.403131e-03 5.000000e+02 -0.000000e+00 0.000000e+00
1.875000e-01 0.000000e+00 2.403131e-03 5.000000e+02 -0.000000e+00 0.000000e+00
1.878906e-01 0.000000e+00 2.403131e-03 5.000000e+02 -0.000000e+00 0.000000e+00
1.882813e-01 0.000000e+00 2.403131e-03 5.000000e+02 -0.000000e+00 0.000000e+00
1.886719e-01 0.000000e+00 2.403131e-03 5.000000e+02 -0.000000e+00 0.000000e+00
1.890625e-01 0.000000e+00 2.403131e-03 5.000000e+02 -0.000000e+00 0.000000e+00
1.894531e-01 0.000000e+00 2.403131e-03 5.000000e+02 -0.000000e+00 0.000000e+00
1.898438e-01 0.000000e+00 2.403131e-03 5.000000e+02 -0.000000e+00 0.000000e+00
1.902344e-01 0.000000e+00 2.403131e-03 5.000000e+02 -0.000000e+00 0.000000e+00
1.906250e-01 0.000000e+00 2.403131e-03 5.000000e+02 -0.000000e+00 0.000000e+00
1.910156e-01 0.000000e+00 2.403131e-03 5.000000e+02 -0.000000e+00 0.000000e+00
1.914062e-01 0.000000e+00 2.403131e-03 5.000000e+02 -0.000000e+00 0.000000e+00
1.917969e-01 0.000000e+00 2.403131e-03 5.000000e+02 -0.000000e+00 0.000000e+00
1.921875e-01 0.000000e+00 2.403131e-03 5.000000e+02 -0.000000e+00 0.000000e+00
1.925781e-01 0.000000e+00 2.403131e-03 5.000000e+02 -0.000000e+00 0.000000e+00
1.929688e-01 0.000000e+00 2.403131e-03 5.000000e+02 -0.000000e+00 0.000000e+00
1.933594e-01 0.000000e+00 2.403131e-03 5.000000e+02 -0.000000e+00 0.000000e+00
1.937500e-01 0.000000e+00 2.403131e-03 5.000000e+02 -0.000000e+00 0.000000e+00
1.941406e-01 0.000000e+00 2.403131e-03 5.000000e+02 -0.000000e+00 0.000000e+00
1.945313e-01 0.000000e+00 2.403131e-03 5.000000e+02 -0.000000e+00 0.000000e+00
1.949219e-01 0.000000e+00 2.403131e-03 5.000000e+02 -0.000000e+00 0.000000e+00
1.953125e-01 0.000000e+00 2.403131e-03 5.000000e+02 -0.000000e+00 0.000000e+00
1.957031e-01 0.000000e+00 2.403131e-03 5.000000e+02 -0.000000e+00 0.000000e+00
1.960938e-01 0.000000e+00 2.403131e-03 5.000000e+02 -0.000000e+00 0.000000e+00
1.964844e-01 0.000000e+00 2.403131e-03 5.000000e+02 -0.000000e+00 0.000000e+00
1.968750e-01 0.000000e+00 2.403131e-03 5.000000e+02 -0.000000e+00 0.000000e+00
1.972656e-01 0.000000e+00 2.403131e-03 5.000000e+02 -0.000000e+00 0.000000e+00
1.976563e-01 0.000000e+00 2.403131e-03 5.000000e+02 -0.000000e+00 0.000000e+00
1.980469e-01 0.000000e+00 2.403131e-03 5.000000e+02 -0.000000e+00 0.000000e+00
1.984375e-01 0.000000e+00 2.403131e-03 5.000000e+02 -0.000000e+00 0.000000e+00
1.988281e-01 0.000000e+00 2.403131e-03 5.000000e+02 -0.000000e+00 0.000000e+00
1.992188e-01 0.000000e+00 2.403131e-03 5.000000e+02 -0.000000e+00 0.000000e+00
1.996094e-01 0.000000e+00 2.403131e-03 5.000000e+02 -0.000000e+00 0.000000e+00
2.000000e-01 0.000000e+00 2.000000e-02 5.000000e+02 -0.000000e+00 0.000000e+00
